1;1;1>2
	10.0Gbps;0.5;2.0;0.5
	20.0Gbps;0.5;2.0;0.5
	40.0Gbps;0.5;2.0;0.5
	80.0Gbps;0.5;2.0;0.5
	160.0Gbps;0.5;2.0;0.5
	320.0Gbps;0.5;2.0;0.5
1;1;1>3
	10.0Gbps;0.5;2.0;0.5
	20.0Gbps;0.5;2.0;0.5
	40.0Gbps;0.5;2.0;0.5
	80.0Gbps;0.5;2.0;0.5
	160.0Gbps;0.5;2.0;0.5
	320.0Gbps;0.5;2.0;0.5
1;1;1>4
	10.0Gbps;0.5;2.0;0.5
	20.0Gbps;0.5;2.0;0.5
	40.0Gbps;0.5;2.0;0.5
	80.0Gbps;0.5;2.0;0.5
	160.0Gbps;0.5;2.0;0.5
	320.0Gbps;0.5;2.0;0.5
1;1;1>5
	10.0Gbps;0.5;2.0;0.5
	20.0Gbps;0.5;2.0;0.5
	40.0Gbps;0.5;2.0;0.5
	80.0Gbps;0.5;2.0;0.5
	160.0Gbps;0.5;2.0;0.5
	320.0Gbps;0.5;2.0;0.5
1;1;1>6
	10.0Gbps;0.5;2.0;0.5
	20.0Gbps;0.5;2.0;0.5
	40.0Gbps;0.5;2.0;0.5
	80.0Gbps;0.5;2.0;0.5
	160.0Gbps;0.5;2.0;0.5
	320.0Gbps;0.5;2.0;0.5
1;1;1>7
	10.0Gbps;0.5;2.0;0.5
	20.0Gbps;0.5;2.0;0.5
	40.0Gbps;0.5;2.0;0.5
	80.0Gbps;0.5;2.0;0.5
	160.0Gbps;0.5;2.0;0.5
	320.0Gbps;0.5;2.0;0.5
1;1;1>8
	10.0Gbps;0.5;2.0;0.5
	20.0Gbps;0.5;2.0;0.5
	40.0Gbps;0.5;2.0;0.5
	80.0Gbps;0.5;2.0;0.5
	160.0Gbps;0.5;2.0;0.5
	320.0Gbps;0.5;2.0;0.5
1;1;1>9
	10.0Gbps;0.5;2.0;0.5
	20.0Gbps;0.5;2.0;0.5
	40.0Gbps;0.5;2.0;0.5
	80.0Gbps;0.5;2.0;0.5
	160.0Gbps;0.5;2.0;0.5
	320.0Gbps;0.5;2.0;0.5
1;1;1>10
	10.0Gbps;0.5;2.0;0.5
	20.0Gbps;0.5;2.0;0.5
	40.0Gbps;0.5;2.0;0.5
	80.0Gbps;0.5;2.0;0.5
	160.0Gbps;0.5;2.0;0.5
	320.0Gbps;0.5;2.0;0.5
1;1;1>11
	10.0Gbps;0.5;2.0;0.5
	20.0Gbps;0.5;2.0;0.5
	40.0Gbps;0.5;2.0;0.5
	80.0Gbps;0.5;2.0;0.5
	160.0Gbps;0.5;2.0;0.5
	320.0Gbps;0.5;2.0;0.5
1;1;1>12
	10.0Gbps;0.5;2.0;0.5
	20.0Gbps;0.5;2.0;0.5
	40.0Gbps;0.5;2.0;0.5
	80.0Gbps;0.5;2.0;0.5
	160.0Gbps;0.5;2.0;0.5
	320.0Gbps;0.5;2.0;0.5
1;1;1>13
	10.0Gbps;0.5;2.0;0.5
	20.0Gbps;0.5;2.0;0.5
	40.0Gbps;0.5;2.0;0.5
	80.0Gbps;0.5;2.0;0.5
	160.0Gbps;0.5;2.0;0.5
	320.0Gbps;0.5;2.0;0.5
1;1;1>14
	10.0Gbps;0.5;2.0;0.5
	20.0Gbps;0.5;2.0;0.5
	40.0Gbps;0.5;2.0;0.5
	80.0Gbps;0.5;2.0;0.5
	160.0Gbps;0.5;2.0;0.5
	320.0Gbps;0.5;2.0;0.5
1;1;1>15
	10.0Gbps;0.5;2.0;0.5
	20.0Gbps;0.5;2.0;0.5
	40.0Gbps;0.5;2.0;0.5
	80.0Gbps;0.5;2.0;0.5
	160.0Gbps;0.5;2.0;0.5
	320.0Gbps;0.5;2.0;0.5
1;1;1>16
	10.0Gbps;0.5;2.0;0.5
	20.0Gbps;0.5;2.0;0.5
	40.0Gbps;0.5;2.0;0.5
	80.0Gbps;0.5;2.0;0.5
	160.0Gbps;0.5;2.0;0.5
	320.0Gbps;0.5;2.0;0.5
1;1;1>17
	10.0Gbps;0.5;2.0;0.5
	20.0Gbps;0.5;2.0;0.5
	40.0Gbps;0.5;2.0;0.5
	80.0Gbps;0.5;2.0;0.5
	160.0Gbps;0.5;2.0;0.5
	320.0Gbps;0.5;2.0;0.5
1;1;1>18
	10.0Gbps;0.5;2.0;0.5
	20.0Gbps;0.5;2.0;0.5
	40.0Gbps;0.5;2.0;0.5
	80.0Gbps;0.5;2.0;0.5
	160.0Gbps;0.5;2.0;0.5
	320.0Gbps;0.5;2.0;0.5
1;1;1>19
	10.0Gbps;0.5;2.0;0.5
	20.0Gbps;0.5;2.0;0.5
	40.0Gbps;0.5;2.0;0.5
	80.0Gbps;0.5;2.0;0.5
	160.0Gbps;0.5;2.0;0.5
	320.0Gbps;0.5;2.0;0.5
1;1;1>20
	10.0Gbps;0.5;2.0;0.5
	20.0Gbps;0.5;2.0;0.5
	40.0Gbps;0.5;2.0;0.5
	80.0Gbps;0.5;2.0;0.5
	160.0Gbps;0.5;2.0;0.5
	320.0Gbps;0.5;2.0;0.5
1;1;1>21
	10.0Gbps;0.5;2.0;0.5
	20.0Gbps;0.5;2.0;0.5
	40.0Gbps;0.5;2.0;0.5
	80.0Gbps;0.5;2.0;0.5
	160.0Gbps;0.5;2.0;0.5
	320.0Gbps;0.5;2.0;0.5
1;1;1>22
	10.0Gbps;0.5;2.0;0.5
	20.0Gbps;0.5;2.0;0.5
	40.0Gbps;0.5;2.0;0.5
	80.0Gbps;0.5;2.0;0.5
	160.0Gbps;0.5;2.0;0.5
	320.0Gbps;0.5;2.0;0.5
1;1;1>23
	10.0Gbps;0.5;2.0;0.5
	20.0Gbps;0.5;2.0;0.5
	40.0Gbps;0.5;2.0;0.5
	80.0Gbps;0.5;2.0;0.5
	160.0Gbps;0.5;2.0;0.5
	320.0Gbps;0.5;2.0;0.5
1;1;1>24
	10.0Gbps;0.5;2.0;0.5
	20.0Gbps;0.5;2.0;0.5
	40.0Gbps;0.5;2.0;0.5
	80.0Gbps;0.5;2.0;0.5
	160.0Gbps;0.5;2.0;0.5
	320.0Gbps;0.5;2.0;0.5
2;1;1>1
	10.0Gbps;0.5;2.0;0.5
	20.0Gbps;0.5;2.0;0.5
	40.0Gbps;0.5;2.0;0.5
	80.0Gbps;0.5;2.0;0.5
	160.0Gbps;0.5;2.0;0.5
	320.0Gbps;0.5;2.0;0.5
2;1;1>3
	10.0Gbps;0.5;2.0;0.5
	20.0Gbps;0.5;2.0;0.5
	40.0Gbps;0.5;2.0;0.5
	80.0Gbps;0.5;2.0;0.5
	160.0Gbps;0.5;2.0;0.5
	320.0Gbps;0.5;2.0;0.5
2;1;1>4
	10.0Gbps;0.5;2.0;0.5
	20.0Gbps;0.5;2.0;0.5
	40.0Gbps;0.5;2.0;0.5
	80.0Gbps;0.5;2.0;0.5
	160.0Gbps;0.5;2.0;0.5
	320.0Gbps;0.5;2.0;0.5
2;1;1>5
	10.0Gbps;0.5;2.0;0.5
	20.0Gbps;0.5;2.0;0.5
	40.0Gbps;0.5;2.0;0.5
	80.0Gbps;0.5;2.0;0.5
	160.0Gbps;0.5;2.0;0.5
	320.0Gbps;0.5;2.0;0.5
2;1;1>6
	10.0Gbps;0.5;2.0;0.5
	20.0Gbps;0.5;2.0;0.5
	40.0Gbps;0.5;2.0;0.5
	80.0Gbps;0.5;2.0;0.5
	160.0Gbps;0.5;2.0;0.5
	320.0Gbps;0.5;2.0;0.5
2;1;1>7
	10.0Gbps;0.5;2.0;0.5
	20.0Gbps;0.5;2.0;0.5
	40.0Gbps;0.5;2.0;0.5
	80.0Gbps;0.5;2.0;0.5
	160.0Gbps;0.5;2.0;0.5
	320.0Gbps;0.5;2.0;0.5
2;1;1>8
	10.0Gbps;0.5;2.0;0.5
	20.0Gbps;0.5;2.0;0.5
	40.0Gbps;0.5;2.0;0.5
	80.0Gbps;0.5;2.0;0.5
	160.0Gbps;0.5;2.0;0.5
	320.0Gbps;0.5;2.0;0.5
2;1;1>9
	10.0Gbps;0.5;2.0;0.5
	20.0Gbps;0.5;2.0;0.5
	40.0Gbps;0.5;2.0;0.5
	80.0Gbps;0.5;2.0;0.5
	160.0Gbps;0.5;2.0;0.5
	320.0Gbps;0.5;2.0;0.5
2;1;1>10
	10.0Gbps;0.5;2.0;0.5
	20.0Gbps;0.5;2.0;0.5
	40.0Gbps;0.5;2.0;0.5
	80.0Gbps;0.5;2.0;0.5
	160.0Gbps;0.5;2.0;0.5
	320.0Gbps;0.5;2.0;0.5
2;1;1>11
	10.0Gbps;0.5;2.0;0.5
	20.0Gbps;0.5;2.0;0.5
	40.0Gbps;0.5;2.0;0.5
	80.0Gbps;0.5;2.0;0.5
	160.0Gbps;0.5;2.0;0.5
	320.0Gbps;0.5;2.0;0.5
2;1;1>12
	10.0Gbps;0.5;2.0;0.5
	20.0Gbps;0.5;2.0;0.5
	40.0Gbps;0.5;2.0;0.5
	80.0Gbps;0.5;2.0;0.5
	160.0Gbps;0.5;2.0;0.5
	320.0Gbps;0.5;2.0;0.5
2;1;1>13
	10.0Gbps;0.5;2.0;0.5
	20.0Gbps;0.5;2.0;0.5
	40.0Gbps;0.5;2.0;0.5
	80.0Gbps;0.5;2.0;0.5
	160.0Gbps;0.5;2.0;0.5
	320.0Gbps;0.5;2.0;0.5
2;1;1>14
	10.0Gbps;0.5;2.0;0.5
	20.0Gbps;0.5;2.0;0.5
	40.0Gbps;0.5;2.0;0.5
	80.0Gbps;0.5;2.0;0.5
	160.0Gbps;0.5;2.0;0.5
	320.0Gbps;0.5;2.0;0.5
2;1;1>15
	10.0Gbps;0.5;2.0;0.5
	20.0Gbps;0.5;2.0;0.5
	40.0Gbps;0.5;2.0;0.5
	80.0Gbps;0.5;2.0;0.5
	160.0Gbps;0.5;2.0;0.5
	320.0Gbps;0.5;2.0;0.5
2;1;1>16
	10.0Gbps;0.5;2.0;0.5
	20.0Gbps;0.5;2.0;0.5
	40.0Gbps;0.5;2.0;0.5
	80.0Gbps;0.5;2.0;0.5
	160.0Gbps;0.5;2.0;0.5
	320.0Gbps;0.5;2.0;0.5
2;1;1>17
	10.0Gbps;0.5;2.0;0.5
	20.0Gbps;0.5;2.0;0.5
	40.0Gbps;0.5;2.0;0.5
	80.0Gbps;0.5;2.0;0.5
	160.0Gbps;0.5;2.0;0.5
	320.0Gbps;0.5;2.0;0.5
2;1;1>18
	10.0Gbps;0.5;2.0;0.5
	20.0Gbps;0.5;2.0;0.5
	40.0Gbps;0.5;2.0;0.5
	80.0Gbps;0.5;2.0;0.5
	160.0Gbps;0.5;2.0;0.5
	320.0Gbps;0.5;2.0;0.5
2;1;1>19
	10.0Gbps;0.5;2.0;0.5
	20.0Gbps;0.5;2.0;0.5
	40.0Gbps;0.5;2.0;0.5
	80.0Gbps;0.5;2.0;0.5
	160.0Gbps;0.5;2.0;0.5
	320.0Gbps;0.5;2.0;0.5
2;1;1>20
	10.0Gbps;0.5;2.0;0.5
	20.0Gbps;0.5;2.0;0.5
	40.0Gbps;0.5;2.0;0.5
	80.0Gbps;0.5;2.0;0.5
	160.0Gbps;0.5;2.0;0.5
	320.0Gbps;0.5;2.0;0.5
2;1;1>21
	10.0Gbps;0.5;2.0;0.5
	20.0Gbps;0.5;2.0;0.5
	40.0Gbps;0.5;2.0;0.5
	80.0Gbps;0.5;2.0;0.5
	160.0Gbps;0.5;2.0;0.5
	320.0Gbps;0.5;2.0;0.5
2;1;1>22
	10.0Gbps;0.5;2.0;0.5
	20.0Gbps;0.5;2.0;0.5
	40.0Gbps;0.5;2.0;0.5
	80.0Gbps;0.5;2.0;0.5
	160.0Gbps;0.5;2.0;0.5
	320.0Gbps;0.5;2.0;0.5
2;1;1>23
	10.0Gbps;0.5;2.0;0.5
	20.0Gbps;0.5;2.0;0.5
	40.0Gbps;0.5;2.0;0.5
	80.0Gbps;0.5;2.0;0.5
	160.0Gbps;0.5;2.0;0.5
	320.0Gbps;0.5;2.0;0.5
2;1;1>24
	10.0Gbps;0.5;2.0;0.5
	20.0Gbps;0.5;2.0;0.5
	40.0Gbps;0.5;2.0;0.5
	80.0Gbps;0.5;2.0;0.5
	160.0Gbps;0.5;2.0;0.5
	320.0Gbps;0.5;2.0;0.5
3;1;1>1
	10.0Gbps;0.5;2.0;0.5
	20.0Gbps;0.5;2.0;0.5
	40.0Gbps;0.5;2.0;0.5
	80.0Gbps;0.5;2.0;0.5
	160.0Gbps;0.5;2.0;0.5
	320.0Gbps;0.5;2.0;0.5
3;1;1>2
	10.0Gbps;0.5;2.0;0.5
	20.0Gbps;0.5;2.0;0.5
	40.0Gbps;0.5;2.0;0.5
	80.0Gbps;0.5;2.0;0.5
	160.0Gbps;0.5;2.0;0.5
	320.0Gbps;0.5;2.0;0.5
3;1;1>4
	10.0Gbps;0.5;2.0;0.5
	20.0Gbps;0.5;2.0;0.5
	40.0Gbps;0.5;2.0;0.5
	80.0Gbps;0.5;2.0;0.5
	160.0Gbps;0.5;2.0;0.5
	320.0Gbps;0.5;2.0;0.5
3;1;1>5
	10.0Gbps;0.5;2.0;0.5
	20.0Gbps;0.5;2.0;0.5
	40.0Gbps;0.5;2.0;0.5
	80.0Gbps;0.5;2.0;0.5
	160.0Gbps;0.5;2.0;0.5
	320.0Gbps;0.5;2.0;0.5
3;1;1>6
	10.0Gbps;0.5;2.0;0.5
	20.0Gbps;0.5;2.0;0.5
	40.0Gbps;0.5;2.0;0.5
	80.0Gbps;0.5;2.0;0.5
	160.0Gbps;0.5;2.0;0.5
	320.0Gbps;0.5;2.0;0.5
3;1;1>7
	10.0Gbps;0.5;2.0;0.5
	20.0Gbps;0.5;2.0;0.5
	40.0Gbps;0.5;2.0;0.5
	80.0Gbps;0.5;2.0;0.5
	160.0Gbps;0.5;2.0;0.5
	320.0Gbps;0.5;2.0;0.5
3;1;1>8
	10.0Gbps;0.5;2.0;0.5
	20.0Gbps;0.5;2.0;0.5
	40.0Gbps;0.5;2.0;0.5
	80.0Gbps;0.5;2.0;0.5
	160.0Gbps;0.5;2.0;0.5
	320.0Gbps;0.5;2.0;0.5
3;1;1>9
	10.0Gbps;0.5;2.0;0.5
	20.0Gbps;0.5;2.0;0.5
	40.0Gbps;0.5;2.0;0.5
	80.0Gbps;0.5;2.0;0.5
	160.0Gbps;0.5;2.0;0.5
	320.0Gbps;0.5;2.0;0.5
3;1;1>10
	10.0Gbps;0.5;2.0;0.5
	20.0Gbps;0.5;2.0;0.5
	40.0Gbps;0.5;2.0;0.5
	80.0Gbps;0.5;2.0;0.5
	160.0Gbps;0.5;2.0;0.5
	320.0Gbps;0.5;2.0;0.5
3;1;1>11
	10.0Gbps;0.5;2.0;0.5
	20.0Gbps;0.5;2.0;0.5
	40.0Gbps;0.5;2.0;0.5
	80.0Gbps;0.5;2.0;0.5
	160.0Gbps;0.5;2.0;0.5
	320.0Gbps;0.5;2.0;0.5
3;1;1>12
	10.0Gbps;0.5;2.0;0.5
	20.0Gbps;0.5;2.0;0.5
	40.0Gbps;0.5;2.0;0.5
	80.0Gbps;0.5;2.0;0.5
	160.0Gbps;0.5;2.0;0.5
	320.0Gbps;0.5;2.0;0.5
3;1;1>13
	10.0Gbps;0.5;2.0;0.5
	20.0Gbps;0.5;2.0;0.5
	40.0Gbps;0.5;2.0;0.5
	80.0Gbps;0.5;2.0;0.5
	160.0Gbps;0.5;2.0;0.5
	320.0Gbps;0.5;2.0;0.5
3;1;1>14
	10.0Gbps;0.5;2.0;0.5
	20.0Gbps;0.5;2.0;0.5
	40.0Gbps;0.5;2.0;0.5
	80.0Gbps;0.5;2.0;0.5
	160.0Gbps;0.5;2.0;0.5
	320.0Gbps;0.5;2.0;0.5
3;1;1>15
	10.0Gbps;0.5;2.0;0.5
	20.0Gbps;0.5;2.0;0.5
	40.0Gbps;0.5;2.0;0.5
	80.0Gbps;0.5;2.0;0.5
	160.0Gbps;0.5;2.0;0.5
	320.0Gbps;0.5;2.0;0.5
3;1;1>16
	10.0Gbps;0.5;2.0;0.5
	20.0Gbps;0.5;2.0;0.5
	40.0Gbps;0.5;2.0;0.5
	80.0Gbps;0.5;2.0;0.5
	160.0Gbps;0.5;2.0;0.5
	320.0Gbps;0.5;2.0;0.5
3;1;1>17
	10.0Gbps;0.5;2.0;0.5
	20.0Gbps;0.5;2.0;0.5
	40.0Gbps;0.5;2.0;0.5
	80.0Gbps;0.5;2.0;0.5
	160.0Gbps;0.5;2.0;0.5
	320.0Gbps;0.5;2.0;0.5
3;1;1>18
	10.0Gbps;0.5;2.0;0.5
	20.0Gbps;0.5;2.0;0.5
	40.0Gbps;0.5;2.0;0.5
	80.0Gbps;0.5;2.0;0.5
	160.0Gbps;0.5;2.0;0.5
	320.0Gbps;0.5;2.0;0.5
3;1;1>19
	10.0Gbps;0.5;2.0;0.5
	20.0Gbps;0.5;2.0;0.5
	40.0Gbps;0.5;2.0;0.5
	80.0Gbps;0.5;2.0;0.5
	160.0Gbps;0.5;2.0;0.5
	320.0Gbps;0.5;2.0;0.5
3;1;1>20
	10.0Gbps;0.5;2.0;0.5
	20.0Gbps;0.5;2.0;0.5
	40.0Gbps;0.5;2.0;0.5
	80.0Gbps;0.5;2.0;0.5
	160.0Gbps;0.5;2.0;0.5
	320.0Gbps;0.5;2.0;0.5
3;1;1>21
	10.0Gbps;0.5;2.0;0.5
	20.0Gbps;0.5;2.0;0.5
	40.0Gbps;0.5;2.0;0.5
	80.0Gbps;0.5;2.0;0.5
	160.0Gbps;0.5;2.0;0.5
	320.0Gbps;0.5;2.0;0.5
3;1;1>22
	10.0Gbps;0.5;2.0;0.5
	20.0Gbps;0.5;2.0;0.5
	40.0Gbps;0.5;2.0;0.5
	80.0Gbps;0.5;2.0;0.5
	160.0Gbps;0.5;2.0;0.5
	320.0Gbps;0.5;2.0;0.5
3;1;1>23
	10.0Gbps;0.5;2.0;0.5
	20.0Gbps;0.5;2.0;0.5
	40.0Gbps;0.5;2.0;0.5
	80.0Gbps;0.5;2.0;0.5
	160.0Gbps;0.5;2.0;0.5
	320.0Gbps;0.5;2.0;0.5
3;1;1>24
	10.0Gbps;0.5;2.0;0.5
	20.0Gbps;0.5;2.0;0.5
	40.0Gbps;0.5;2.0;0.5
	80.0Gbps;0.5;2.0;0.5
	160.0Gbps;0.5;2.0;0.5
	320.0Gbps;0.5;2.0;0.5
4;1;1>1
	10.0Gbps;0.5;2.0;0.5
	20.0Gbps;0.5;2.0;0.5
	40.0Gbps;0.5;2.0;0.5
	80.0Gbps;0.5;2.0;0.5
	160.0Gbps;0.5;2.0;0.5
	320.0Gbps;0.5;2.0;0.5
4;1;1>2
	10.0Gbps;0.5;2.0;0.5
	20.0Gbps;0.5;2.0;0.5
	40.0Gbps;0.5;2.0;0.5
	80.0Gbps;0.5;2.0;0.5
	160.0Gbps;0.5;2.0;0.5
	320.0Gbps;0.5;2.0;0.5
4;1;1>3
	10.0Gbps;0.5;2.0;0.5
	20.0Gbps;0.5;2.0;0.5
	40.0Gbps;0.5;2.0;0.5
	80.0Gbps;0.5;2.0;0.5
	160.0Gbps;0.5;2.0;0.5
	320.0Gbps;0.5;2.0;0.5
4;1;1>5
	10.0Gbps;0.5;2.0;0.5
	20.0Gbps;0.5;2.0;0.5
	40.0Gbps;0.5;2.0;0.5
	80.0Gbps;0.5;2.0;0.5
	160.0Gbps;0.5;2.0;0.5
	320.0Gbps;0.5;2.0;0.5
4;1;1>6
	10.0Gbps;0.5;2.0;0.5
	20.0Gbps;0.5;2.0;0.5
	40.0Gbps;0.5;2.0;0.5
	80.0Gbps;0.5;2.0;0.5
	160.0Gbps;0.5;2.0;0.5
	320.0Gbps;0.5;2.0;0.5
4;1;1>7
	10.0Gbps;0.5;2.0;0.5
	20.0Gbps;0.5;2.0;0.5
	40.0Gbps;0.5;2.0;0.5
	80.0Gbps;0.5;2.0;0.5
	160.0Gbps;0.5;2.0;0.5
	320.0Gbps;0.5;2.0;0.5
4;1;1>8
	10.0Gbps;0.5;2.0;0.5
	20.0Gbps;0.5;2.0;0.5
	40.0Gbps;0.5;2.0;0.5
	80.0Gbps;0.5;2.0;0.5
	160.0Gbps;0.5;2.0;0.5
	320.0Gbps;0.5;2.0;0.5
4;1;1>9
	10.0Gbps;0.5;2.0;0.5
	20.0Gbps;0.5;2.0;0.5
	40.0Gbps;0.5;2.0;0.5
	80.0Gbps;0.5;2.0;0.5
	160.0Gbps;0.5;2.0;0.5
	320.0Gbps;0.5;2.0;0.5
4;1;1>10
	10.0Gbps;0.5;2.0;0.5
	20.0Gbps;0.5;2.0;0.5
	40.0Gbps;0.5;2.0;0.5
	80.0Gbps;0.5;2.0;0.5
	160.0Gbps;0.5;2.0;0.5
	320.0Gbps;0.5;2.0;0.5
4;1;1>11
	10.0Gbps;0.5;2.0;0.5
	20.0Gbps;0.5;2.0;0.5
	40.0Gbps;0.5;2.0;0.5
	80.0Gbps;0.5;2.0;0.5
	160.0Gbps;0.5;2.0;0.5
	320.0Gbps;0.5;2.0;0.5
4;1;1>12
	10.0Gbps;0.5;2.0;0.5
	20.0Gbps;0.5;2.0;0.5
	40.0Gbps;0.5;2.0;0.5
	80.0Gbps;0.5;2.0;0.5
	160.0Gbps;0.5;2.0;0.5
	320.0Gbps;0.5;2.0;0.5
4;1;1>13
	10.0Gbps;0.5;2.0;0.5
	20.0Gbps;0.5;2.0;0.5
	40.0Gbps;0.5;2.0;0.5
	80.0Gbps;0.5;2.0;0.5
	160.0Gbps;0.5;2.0;0.5
	320.0Gbps;0.5;2.0;0.5
4;1;1>14
	10.0Gbps;0.5;2.0;0.5
	20.0Gbps;0.5;2.0;0.5
	40.0Gbps;0.5;2.0;0.5
	80.0Gbps;0.5;2.0;0.5
	160.0Gbps;0.5;2.0;0.5
	320.0Gbps;0.5;2.0;0.5
4;1;1>15
	10.0Gbps;0.5;2.0;0.5
	20.0Gbps;0.5;2.0;0.5
	40.0Gbps;0.5;2.0;0.5
	80.0Gbps;0.5;2.0;0.5
	160.0Gbps;0.5;2.0;0.5
	320.0Gbps;0.5;2.0;0.5
4;1;1>16
	10.0Gbps;0.5;2.0;0.5
	20.0Gbps;0.5;2.0;0.5
	40.0Gbps;0.5;2.0;0.5
	80.0Gbps;0.5;2.0;0.5
	160.0Gbps;0.5;2.0;0.5
	320.0Gbps;0.5;2.0;0.5
4;1;1>17
	10.0Gbps;0.5;2.0;0.5
	20.0Gbps;0.5;2.0;0.5
	40.0Gbps;0.5;2.0;0.5
	80.0Gbps;0.5;2.0;0.5
	160.0Gbps;0.5;2.0;0.5
	320.0Gbps;0.5;2.0;0.5
4;1;1>18
	10.0Gbps;0.5;2.0;0.5
	20.0Gbps;0.5;2.0;0.5
	40.0Gbps;0.5;2.0;0.5
	80.0Gbps;0.5;2.0;0.5
	160.0Gbps;0.5;2.0;0.5
	320.0Gbps;0.5;2.0;0.5
4;1;1>19
	10.0Gbps;0.5;2.0;0.5
	20.0Gbps;0.5;2.0;0.5
	40.0Gbps;0.5;2.0;0.5
	80.0Gbps;0.5;2.0;0.5
	160.0Gbps;0.5;2.0;0.5
	320.0Gbps;0.5;2.0;0.5
4;1;1>20
	10.0Gbps;0.5;2.0;0.5
	20.0Gbps;0.5;2.0;0.5
	40.0Gbps;0.5;2.0;0.5
	80.0Gbps;0.5;2.0;0.5
	160.0Gbps;0.5;2.0;0.5
	320.0Gbps;0.5;2.0;0.5
4;1;1>21
	10.0Gbps;0.5;2.0;0.5
	20.0Gbps;0.5;2.0;0.5
	40.0Gbps;0.5;2.0;0.5
	80.0Gbps;0.5;2.0;0.5
	160.0Gbps;0.5;2.0;0.5
	320.0Gbps;0.5;2.0;0.5
4;1;1>22
	10.0Gbps;0.5;2.0;0.5
	20.0Gbps;0.5;2.0;0.5
	40.0Gbps;0.5;2.0;0.5
	80.0Gbps;0.5;2.0;0.5
	160.0Gbps;0.5;2.0;0.5
	320.0Gbps;0.5;2.0;0.5
4;1;1>23
	10.0Gbps;0.5;2.0;0.5
	20.0Gbps;0.5;2.0;0.5
	40.0Gbps;0.5;2.0;0.5
	80.0Gbps;0.5;2.0;0.5
	160.0Gbps;0.5;2.0;0.5
	320.0Gbps;0.5;2.0;0.5
4;1;1>24
	10.0Gbps;0.5;2.0;0.5
	20.0Gbps;0.5;2.0;0.5
	40.0Gbps;0.5;2.0;0.5
	80.0Gbps;0.5;2.0;0.5
	160.0Gbps;0.5;2.0;0.5
	320.0Gbps;0.5;2.0;0.5
5;1;1>1
	10.0Gbps;0.5;2.0;0.5
	20.0Gbps;0.5;2.0;0.5
	40.0Gbps;0.5;2.0;0.5
	80.0Gbps;0.5;2.0;0.5
	160.0Gbps;0.5;2.0;0.5
	320.0Gbps;0.5;2.0;0.5
5;1;1>2
	10.0Gbps;0.5;2.0;0.5
	20.0Gbps;0.5;2.0;0.5
	40.0Gbps;0.5;2.0;0.5
	80.0Gbps;0.5;2.0;0.5
	160.0Gbps;0.5;2.0;0.5
	320.0Gbps;0.5;2.0;0.5
5;1;1>3
	10.0Gbps;0.5;2.0;0.5
	20.0Gbps;0.5;2.0;0.5
	40.0Gbps;0.5;2.0;0.5
	80.0Gbps;0.5;2.0;0.5
	160.0Gbps;0.5;2.0;0.5
	320.0Gbps;0.5;2.0;0.5
5;1;1>4
	10.0Gbps;0.5;2.0;0.5
	20.0Gbps;0.5;2.0;0.5
	40.0Gbps;0.5;2.0;0.5
	80.0Gbps;0.5;2.0;0.5
	160.0Gbps;0.5;2.0;0.5
	320.0Gbps;0.5;2.0;0.5
5;1;1>6
	10.0Gbps;0.5;2.0;0.5
	20.0Gbps;0.5;2.0;0.5
	40.0Gbps;0.5;2.0;0.5
	80.0Gbps;0.5;2.0;0.5
	160.0Gbps;0.5;2.0;0.5
	320.0Gbps;0.5;2.0;0.5
5;1;1>7
	10.0Gbps;0.5;2.0;0.5
	20.0Gbps;0.5;2.0;0.5
	40.0Gbps;0.5;2.0;0.5
	80.0Gbps;0.5;2.0;0.5
	160.0Gbps;0.5;2.0;0.5
	320.0Gbps;0.5;2.0;0.5
5;1;1>8
	10.0Gbps;0.5;2.0;0.5
	20.0Gbps;0.5;2.0;0.5
	40.0Gbps;0.5;2.0;0.5
	80.0Gbps;0.5;2.0;0.5
	160.0Gbps;0.5;2.0;0.5
	320.0Gbps;0.5;2.0;0.5
5;1;1>9
	10.0Gbps;0.5;2.0;0.5
	20.0Gbps;0.5;2.0;0.5
	40.0Gbps;0.5;2.0;0.5
	80.0Gbps;0.5;2.0;0.5
	160.0Gbps;0.5;2.0;0.5
	320.0Gbps;0.5;2.0;0.5
5;1;1>10
	10.0Gbps;0.5;2.0;0.5
	20.0Gbps;0.5;2.0;0.5
	40.0Gbps;0.5;2.0;0.5
	80.0Gbps;0.5;2.0;0.5
	160.0Gbps;0.5;2.0;0.5
	320.0Gbps;0.5;2.0;0.5
5;1;1>11
	10.0Gbps;0.5;2.0;0.5
	20.0Gbps;0.5;2.0;0.5
	40.0Gbps;0.5;2.0;0.5
	80.0Gbps;0.5;2.0;0.5
	160.0Gbps;0.5;2.0;0.5
	320.0Gbps;0.5;2.0;0.5
5;1;1>12
	10.0Gbps;0.5;2.0;0.5
	20.0Gbps;0.5;2.0;0.5
	40.0Gbps;0.5;2.0;0.5
	80.0Gbps;0.5;2.0;0.5
	160.0Gbps;0.5;2.0;0.5
	320.0Gbps;0.5;2.0;0.5
5;1;1>13
	10.0Gbps;0.5;2.0;0.5
	20.0Gbps;0.5;2.0;0.5
	40.0Gbps;0.5;2.0;0.5
	80.0Gbps;0.5;2.0;0.5
	160.0Gbps;0.5;2.0;0.5
	320.0Gbps;0.5;2.0;0.5
5;1;1>14
	10.0Gbps;0.5;2.0;0.5
	20.0Gbps;0.5;2.0;0.5
	40.0Gbps;0.5;2.0;0.5
	80.0Gbps;0.5;2.0;0.5
	160.0Gbps;0.5;2.0;0.5
	320.0Gbps;0.5;2.0;0.5
5;1;1>15
	10.0Gbps;0.5;2.0;0.5
	20.0Gbps;0.5;2.0;0.5
	40.0Gbps;0.5;2.0;0.5
	80.0Gbps;0.5;2.0;0.5
	160.0Gbps;0.5;2.0;0.5
	320.0Gbps;0.5;2.0;0.5
5;1;1>16
	10.0Gbps;0.5;2.0;0.5
	20.0Gbps;0.5;2.0;0.5
	40.0Gbps;0.5;2.0;0.5
	80.0Gbps;0.5;2.0;0.5
	160.0Gbps;0.5;2.0;0.5
	320.0Gbps;0.5;2.0;0.5
5;1;1>17
	10.0Gbps;0.5;2.0;0.5
	20.0Gbps;0.5;2.0;0.5
	40.0Gbps;0.5;2.0;0.5
	80.0Gbps;0.5;2.0;0.5
	160.0Gbps;0.5;2.0;0.5
	320.0Gbps;0.5;2.0;0.5
5;1;1>18
	10.0Gbps;0.5;2.0;0.5
	20.0Gbps;0.5;2.0;0.5
	40.0Gbps;0.5;2.0;0.5
	80.0Gbps;0.5;2.0;0.5
	160.0Gbps;0.5;2.0;0.5
	320.0Gbps;0.5;2.0;0.5
5;1;1>19
	10.0Gbps;0.5;2.0;0.5
	20.0Gbps;0.5;2.0;0.5
	40.0Gbps;0.5;2.0;0.5
	80.0Gbps;0.5;2.0;0.5
	160.0Gbps;0.5;2.0;0.5
	320.0Gbps;0.5;2.0;0.5
5;1;1>20
	10.0Gbps;0.5;2.0;0.5
	20.0Gbps;0.5;2.0;0.5
	40.0Gbps;0.5;2.0;0.5
	80.0Gbps;0.5;2.0;0.5
	160.0Gbps;0.5;2.0;0.5
	320.0Gbps;0.5;2.0;0.5
5;1;1>21
	10.0Gbps;0.5;2.0;0.5
	20.0Gbps;0.5;2.0;0.5
	40.0Gbps;0.5;2.0;0.5
	80.0Gbps;0.5;2.0;0.5
	160.0Gbps;0.5;2.0;0.5
	320.0Gbps;0.5;2.0;0.5
5;1;1>22
	10.0Gbps;0.5;2.0;0.5
	20.0Gbps;0.5;2.0;0.5
	40.0Gbps;0.5;2.0;0.5
	80.0Gbps;0.5;2.0;0.5
	160.0Gbps;0.5;2.0;0.5
	320.0Gbps;0.5;2.0;0.5
5;1;1>23
	10.0Gbps;0.5;2.0;0.5
	20.0Gbps;0.5;2.0;0.5
	40.0Gbps;0.5;2.0;0.5
	80.0Gbps;0.5;2.0;0.5
	160.0Gbps;0.5;2.0;0.5
	320.0Gbps;0.5;2.0;0.5
5;1;1>24
	10.0Gbps;0.5;2.0;0.5
	20.0Gbps;0.5;2.0;0.5
	40.0Gbps;0.5;2.0;0.5
	80.0Gbps;0.5;2.0;0.5
	160.0Gbps;0.5;2.0;0.5
	320.0Gbps;0.5;2.0;0.5
6;1;1>1
	10.0Gbps;0.5;2.0;0.5
	20.0Gbps;0.5;2.0;0.5
	40.0Gbps;0.5;2.0;0.5
	80.0Gbps;0.5;2.0;0.5
	160.0Gbps;0.5;2.0;0.5
	320.0Gbps;0.5;2.0;0.5
6;1;1>2
	10.0Gbps;0.5;2.0;0.5
	20.0Gbps;0.5;2.0;0.5
	40.0Gbps;0.5;2.0;0.5
	80.0Gbps;0.5;2.0;0.5
	160.0Gbps;0.5;2.0;0.5
	320.0Gbps;0.5;2.0;0.5
6;1;1>3
	10.0Gbps;0.5;2.0;0.5
	20.0Gbps;0.5;2.0;0.5
	40.0Gbps;0.5;2.0;0.5
	80.0Gbps;0.5;2.0;0.5
	160.0Gbps;0.5;2.0;0.5
	320.0Gbps;0.5;2.0;0.5
6;1;1>4
	10.0Gbps;0.5;2.0;0.5
	20.0Gbps;0.5;2.0;0.5
	40.0Gbps;0.5;2.0;0.5
	80.0Gbps;0.5;2.0;0.5
	160.0Gbps;0.5;2.0;0.5
	320.0Gbps;0.5;2.0;0.5
6;1;1>5
	10.0Gbps;0.5;2.0;0.5
	20.0Gbps;0.5;2.0;0.5
	40.0Gbps;0.5;2.0;0.5
	80.0Gbps;0.5;2.0;0.5
	160.0Gbps;0.5;2.0;0.5
	320.0Gbps;0.5;2.0;0.5
6;1;1>7
	10.0Gbps;0.5;2.0;0.5
	20.0Gbps;0.5;2.0;0.5
	40.0Gbps;0.5;2.0;0.5
	80.0Gbps;0.5;2.0;0.5
	160.0Gbps;0.5;2.0;0.5
	320.0Gbps;0.5;2.0;0.5
6;1;1>8
	10.0Gbps;0.5;2.0;0.5
	20.0Gbps;0.5;2.0;0.5
	40.0Gbps;0.5;2.0;0.5
	80.0Gbps;0.5;2.0;0.5
	160.0Gbps;0.5;2.0;0.5
	320.0Gbps;0.5;2.0;0.5
6;1;1>9
	10.0Gbps;0.5;2.0;0.5
	20.0Gbps;0.5;2.0;0.5
	40.0Gbps;0.5;2.0;0.5
	80.0Gbps;0.5;2.0;0.5
	160.0Gbps;0.5;2.0;0.5
	320.0Gbps;0.5;2.0;0.5
6;1;1>10
	10.0Gbps;0.5;2.0;0.5
	20.0Gbps;0.5;2.0;0.5
	40.0Gbps;0.5;2.0;0.5
	80.0Gbps;0.5;2.0;0.5
	160.0Gbps;0.5;2.0;0.5
	320.0Gbps;0.5;2.0;0.5
6;1;1>11
	10.0Gbps;0.5;2.0;0.5
	20.0Gbps;0.5;2.0;0.5
	40.0Gbps;0.5;2.0;0.5
	80.0Gbps;0.5;2.0;0.5
	160.0Gbps;0.5;2.0;0.5
	320.0Gbps;0.5;2.0;0.5
6;1;1>12
	10.0Gbps;0.5;2.0;0.5
	20.0Gbps;0.5;2.0;0.5
	40.0Gbps;0.5;2.0;0.5
	80.0Gbps;0.5;2.0;0.5
	160.0Gbps;0.5;2.0;0.5
	320.0Gbps;0.5;2.0;0.5
6;1;1>13
	10.0Gbps;0.5;2.0;0.5
	20.0Gbps;0.5;2.0;0.5
	40.0Gbps;0.5;2.0;0.5
	80.0Gbps;0.5;2.0;0.5
	160.0Gbps;0.5;2.0;0.5
	320.0Gbps;0.5;2.0;0.5
6;1;1>14
	10.0Gbps;0.5;2.0;0.5
	20.0Gbps;0.5;2.0;0.5
	40.0Gbps;0.5;2.0;0.5
	80.0Gbps;0.5;2.0;0.5
	160.0Gbps;0.5;2.0;0.5
	320.0Gbps;0.5;2.0;0.5
6;1;1>15
	10.0Gbps;0.5;2.0;0.5
	20.0Gbps;0.5;2.0;0.5
	40.0Gbps;0.5;2.0;0.5
	80.0Gbps;0.5;2.0;0.5
	160.0Gbps;0.5;2.0;0.5
	320.0Gbps;0.5;2.0;0.5
6;1;1>16
	10.0Gbps;0.5;2.0;0.5
	20.0Gbps;0.5;2.0;0.5
	40.0Gbps;0.5;2.0;0.5
	80.0Gbps;0.5;2.0;0.5
	160.0Gbps;0.5;2.0;0.5
	320.0Gbps;0.5;2.0;0.5
6;1;1>17
	10.0Gbps;0.5;2.0;0.5
	20.0Gbps;0.5;2.0;0.5
	40.0Gbps;0.5;2.0;0.5
	80.0Gbps;0.5;2.0;0.5
	160.0Gbps;0.5;2.0;0.5
	320.0Gbps;0.5;2.0;0.5
6;1;1>18
	10.0Gbps;0.5;2.0;0.5
	20.0Gbps;0.5;2.0;0.5
	40.0Gbps;0.5;2.0;0.5
	80.0Gbps;0.5;2.0;0.5
	160.0Gbps;0.5;2.0;0.5
	320.0Gbps;0.5;2.0;0.5
6;1;1>19
	10.0Gbps;0.5;2.0;0.5
	20.0Gbps;0.5;2.0;0.5
	40.0Gbps;0.5;2.0;0.5
	80.0Gbps;0.5;2.0;0.5
	160.0Gbps;0.5;2.0;0.5
	320.0Gbps;0.5;2.0;0.5
6;1;1>20
	10.0Gbps;0.5;2.0;0.5
	20.0Gbps;0.5;2.0;0.5
	40.0Gbps;0.5;2.0;0.5
	80.0Gbps;0.5;2.0;0.5
	160.0Gbps;0.5;2.0;0.5
	320.0Gbps;0.5;2.0;0.5
6;1;1>21
	10.0Gbps;0.5;2.0;0.5
	20.0Gbps;0.5;2.0;0.5
	40.0Gbps;0.5;2.0;0.5
	80.0Gbps;0.5;2.0;0.5
	160.0Gbps;0.5;2.0;0.5
	320.0Gbps;0.5;2.0;0.5
6;1;1>22
	10.0Gbps;0.5;2.0;0.5
	20.0Gbps;0.5;2.0;0.5
	40.0Gbps;0.5;2.0;0.5
	80.0Gbps;0.5;2.0;0.5
	160.0Gbps;0.5;2.0;0.5
	320.0Gbps;0.5;2.0;0.5
6;1;1>23
	10.0Gbps;0.5;2.0;0.5
	20.0Gbps;0.5;2.0;0.5
	40.0Gbps;0.5;2.0;0.5
	80.0Gbps;0.5;2.0;0.5
	160.0Gbps;0.5;2.0;0.5
	320.0Gbps;0.5;2.0;0.5
6;1;1>24
	10.0Gbps;0.5;2.0;0.5
	20.0Gbps;0.5;2.0;0.5
	40.0Gbps;0.5;2.0;0.5
	80.0Gbps;0.5;2.0;0.5
	160.0Gbps;0.5;2.0;0.5
	320.0Gbps;0.5;2.0;0.5
7;1;1>1
	10.0Gbps;0.5;2.0;0.5
	20.0Gbps;0.5;2.0;0.5
	40.0Gbps;0.5;2.0;0.5
	80.0Gbps;0.5;2.0;0.5
	160.0Gbps;0.5;2.0;0.5
	320.0Gbps;0.5;2.0;0.5
7;1;1>2
	10.0Gbps;0.5;2.0;0.5
	20.0Gbps;0.5;2.0;0.5
	40.0Gbps;0.5;2.0;0.5
	80.0Gbps;0.5;2.0;0.5
	160.0Gbps;0.5;2.0;0.5
	320.0Gbps;0.5;2.0;0.5
7;1;1>3
	10.0Gbps;0.5;2.0;0.5
	20.0Gbps;0.5;2.0;0.5
	40.0Gbps;0.5;2.0;0.5
	80.0Gbps;0.5;2.0;0.5
	160.0Gbps;0.5;2.0;0.5
	320.0Gbps;0.5;2.0;0.5
7;1;1>4
	10.0Gbps;0.5;2.0;0.5
	20.0Gbps;0.5;2.0;0.5
	40.0Gbps;0.5;2.0;0.5
	80.0Gbps;0.5;2.0;0.5
	160.0Gbps;0.5;2.0;0.5
	320.0Gbps;0.5;2.0;0.5
7;1;1>5
	10.0Gbps;0.5;2.0;0.5
	20.0Gbps;0.5;2.0;0.5
	40.0Gbps;0.5;2.0;0.5
	80.0Gbps;0.5;2.0;0.5
	160.0Gbps;0.5;2.0;0.5
	320.0Gbps;0.5;2.0;0.5
7;1;1>6
	10.0Gbps;0.5;2.0;0.5
	20.0Gbps;0.5;2.0;0.5
	40.0Gbps;0.5;2.0;0.5
	80.0Gbps;0.5;2.0;0.5
	160.0Gbps;0.5;2.0;0.5
	320.0Gbps;0.5;2.0;0.5
7;1;1>8
	10.0Gbps;0.5;2.0;0.5
	20.0Gbps;0.5;2.0;0.5
	40.0Gbps;0.5;2.0;0.5
	80.0Gbps;0.5;2.0;0.5
	160.0Gbps;0.5;2.0;0.5
	320.0Gbps;0.5;2.0;0.5
7;1;1>9
	10.0Gbps;0.5;2.0;0.5
	20.0Gbps;0.5;2.0;0.5
	40.0Gbps;0.5;2.0;0.5
	80.0Gbps;0.5;2.0;0.5
	160.0Gbps;0.5;2.0;0.5
	320.0Gbps;0.5;2.0;0.5
7;1;1>10
	10.0Gbps;0.5;2.0;0.5
	20.0Gbps;0.5;2.0;0.5
	40.0Gbps;0.5;2.0;0.5
	80.0Gbps;0.5;2.0;0.5
	160.0Gbps;0.5;2.0;0.5
	320.0Gbps;0.5;2.0;0.5
7;1;1>11
	10.0Gbps;0.5;2.0;0.5
	20.0Gbps;0.5;2.0;0.5
	40.0Gbps;0.5;2.0;0.5
	80.0Gbps;0.5;2.0;0.5
	160.0Gbps;0.5;2.0;0.5
	320.0Gbps;0.5;2.0;0.5
7;1;1>12
	10.0Gbps;0.5;2.0;0.5
	20.0Gbps;0.5;2.0;0.5
	40.0Gbps;0.5;2.0;0.5
	80.0Gbps;0.5;2.0;0.5
	160.0Gbps;0.5;2.0;0.5
	320.0Gbps;0.5;2.0;0.5
7;1;1>13
	10.0Gbps;0.5;2.0;0.5
	20.0Gbps;0.5;2.0;0.5
	40.0Gbps;0.5;2.0;0.5
	80.0Gbps;0.5;2.0;0.5
	160.0Gbps;0.5;2.0;0.5
	320.0Gbps;0.5;2.0;0.5
7;1;1>14
	10.0Gbps;0.5;2.0;0.5
	20.0Gbps;0.5;2.0;0.5
	40.0Gbps;0.5;2.0;0.5
	80.0Gbps;0.5;2.0;0.5
	160.0Gbps;0.5;2.0;0.5
	320.0Gbps;0.5;2.0;0.5
7;1;1>15
	10.0Gbps;0.5;2.0;0.5
	20.0Gbps;0.5;2.0;0.5
	40.0Gbps;0.5;2.0;0.5
	80.0Gbps;0.5;2.0;0.5
	160.0Gbps;0.5;2.0;0.5
	320.0Gbps;0.5;2.0;0.5
7;1;1>16
	10.0Gbps;0.5;2.0;0.5
	20.0Gbps;0.5;2.0;0.5
	40.0Gbps;0.5;2.0;0.5
	80.0Gbps;0.5;2.0;0.5
	160.0Gbps;0.5;2.0;0.5
	320.0Gbps;0.5;2.0;0.5
7;1;1>17
	10.0Gbps;0.5;2.0;0.5
	20.0Gbps;0.5;2.0;0.5
	40.0Gbps;0.5;2.0;0.5
	80.0Gbps;0.5;2.0;0.5
	160.0Gbps;0.5;2.0;0.5
	320.0Gbps;0.5;2.0;0.5
7;1;1>18
	10.0Gbps;0.5;2.0;0.5
	20.0Gbps;0.5;2.0;0.5
	40.0Gbps;0.5;2.0;0.5
	80.0Gbps;0.5;2.0;0.5
	160.0Gbps;0.5;2.0;0.5
	320.0Gbps;0.5;2.0;0.5
7;1;1>19
	10.0Gbps;0.5;2.0;0.5
	20.0Gbps;0.5;2.0;0.5
	40.0Gbps;0.5;2.0;0.5
	80.0Gbps;0.5;2.0;0.5
	160.0Gbps;0.5;2.0;0.5
	320.0Gbps;0.5;2.0;0.5
7;1;1>20
	10.0Gbps;0.5;2.0;0.5
	20.0Gbps;0.5;2.0;0.5
	40.0Gbps;0.5;2.0;0.5
	80.0Gbps;0.5;2.0;0.5
	160.0Gbps;0.5;2.0;0.5
	320.0Gbps;0.5;2.0;0.5
7;1;1>21
	10.0Gbps;0.5;2.0;0.5
	20.0Gbps;0.5;2.0;0.5
	40.0Gbps;0.5;2.0;0.5
	80.0Gbps;0.5;2.0;0.5
	160.0Gbps;0.5;2.0;0.5
	320.0Gbps;0.5;2.0;0.5
7;1;1>22
	10.0Gbps;0.5;2.0;0.5
	20.0Gbps;0.5;2.0;0.5
	40.0Gbps;0.5;2.0;0.5
	80.0Gbps;0.5;2.0;0.5
	160.0Gbps;0.5;2.0;0.5
	320.0Gbps;0.5;2.0;0.5
7;1;1>23
	10.0Gbps;0.5;2.0;0.5
	20.0Gbps;0.5;2.0;0.5
	40.0Gbps;0.5;2.0;0.5
	80.0Gbps;0.5;2.0;0.5
	160.0Gbps;0.5;2.0;0.5
	320.0Gbps;0.5;2.0;0.5
7;1;1>24
	10.0Gbps;0.5;2.0;0.5
	20.0Gbps;0.5;2.0;0.5
	40.0Gbps;0.5;2.0;0.5
	80.0Gbps;0.5;2.0;0.5
	160.0Gbps;0.5;2.0;0.5
	320.0Gbps;0.5;2.0;0.5
8;1;1>1
	10.0Gbps;0.5;2.0;0.5
	20.0Gbps;0.5;2.0;0.5
	40.0Gbps;0.5;2.0;0.5
	80.0Gbps;0.5;2.0;0.5
	160.0Gbps;0.5;2.0;0.5
	320.0Gbps;0.5;2.0;0.5
8;1;1>2
	10.0Gbps;0.5;2.0;0.5
	20.0Gbps;0.5;2.0;0.5
	40.0Gbps;0.5;2.0;0.5
	80.0Gbps;0.5;2.0;0.5
	160.0Gbps;0.5;2.0;0.5
	320.0Gbps;0.5;2.0;0.5
8;1;1>3
	10.0Gbps;0.5;2.0;0.5
	20.0Gbps;0.5;2.0;0.5
	40.0Gbps;0.5;2.0;0.5
	80.0Gbps;0.5;2.0;0.5
	160.0Gbps;0.5;2.0;0.5
	320.0Gbps;0.5;2.0;0.5
8;1;1>4
	10.0Gbps;0.5;2.0;0.5
	20.0Gbps;0.5;2.0;0.5
	40.0Gbps;0.5;2.0;0.5
	80.0Gbps;0.5;2.0;0.5
	160.0Gbps;0.5;2.0;0.5
	320.0Gbps;0.5;2.0;0.5
8;1;1>5
	10.0Gbps;0.5;2.0;0.5
	20.0Gbps;0.5;2.0;0.5
	40.0Gbps;0.5;2.0;0.5
	80.0Gbps;0.5;2.0;0.5
	160.0Gbps;0.5;2.0;0.5
	320.0Gbps;0.5;2.0;0.5
8;1;1>6
	10.0Gbps;0.5;2.0;0.5
	20.0Gbps;0.5;2.0;0.5
	40.0Gbps;0.5;2.0;0.5
	80.0Gbps;0.5;2.0;0.5
	160.0Gbps;0.5;2.0;0.5
	320.0Gbps;0.5;2.0;0.5
8;1;1>7
	10.0Gbps;0.5;2.0;0.5
	20.0Gbps;0.5;2.0;0.5
	40.0Gbps;0.5;2.0;0.5
	80.0Gbps;0.5;2.0;0.5
	160.0Gbps;0.5;2.0;0.5
	320.0Gbps;0.5;2.0;0.5
8;1;1>9
	10.0Gbps;0.5;2.0;0.5
	20.0Gbps;0.5;2.0;0.5
	40.0Gbps;0.5;2.0;0.5
	80.0Gbps;0.5;2.0;0.5
	160.0Gbps;0.5;2.0;0.5
	320.0Gbps;0.5;2.0;0.5
8;1;1>10
	10.0Gbps;0.5;2.0;0.5
	20.0Gbps;0.5;2.0;0.5
	40.0Gbps;0.5;2.0;0.5
	80.0Gbps;0.5;2.0;0.5
	160.0Gbps;0.5;2.0;0.5
	320.0Gbps;0.5;2.0;0.5
8;1;1>11
	10.0Gbps;0.5;2.0;0.5
	20.0Gbps;0.5;2.0;0.5
	40.0Gbps;0.5;2.0;0.5
	80.0Gbps;0.5;2.0;0.5
	160.0Gbps;0.5;2.0;0.5
	320.0Gbps;0.5;2.0;0.5
8;1;1>12
	10.0Gbps;0.5;2.0;0.5
	20.0Gbps;0.5;2.0;0.5
	40.0Gbps;0.5;2.0;0.5
	80.0Gbps;0.5;2.0;0.5
	160.0Gbps;0.5;2.0;0.5
	320.0Gbps;0.5;2.0;0.5
8;1;1>13
	10.0Gbps;0.5;2.0;0.5
	20.0Gbps;0.5;2.0;0.5
	40.0Gbps;0.5;2.0;0.5
	80.0Gbps;0.5;2.0;0.5
	160.0Gbps;0.5;2.0;0.5
	320.0Gbps;0.5;2.0;0.5
8;1;1>14
	10.0Gbps;0.5;2.0;0.5
	20.0Gbps;0.5;2.0;0.5
	40.0Gbps;0.5;2.0;0.5
	80.0Gbps;0.5;2.0;0.5
	160.0Gbps;0.5;2.0;0.5
	320.0Gbps;0.5;2.0;0.5
8;1;1>15
	10.0Gbps;0.5;2.0;0.5
	20.0Gbps;0.5;2.0;0.5
	40.0Gbps;0.5;2.0;0.5
	80.0Gbps;0.5;2.0;0.5
	160.0Gbps;0.5;2.0;0.5
	320.0Gbps;0.5;2.0;0.5
8;1;1>16
	10.0Gbps;0.5;2.0;0.5
	20.0Gbps;0.5;2.0;0.5
	40.0Gbps;0.5;2.0;0.5
	80.0Gbps;0.5;2.0;0.5
	160.0Gbps;0.5;2.0;0.5
	320.0Gbps;0.5;2.0;0.5
8;1;1>17
	10.0Gbps;0.5;2.0;0.5
	20.0Gbps;0.5;2.0;0.5
	40.0Gbps;0.5;2.0;0.5
	80.0Gbps;0.5;2.0;0.5
	160.0Gbps;0.5;2.0;0.5
	320.0Gbps;0.5;2.0;0.5
8;1;1>18
	10.0Gbps;0.5;2.0;0.5
	20.0Gbps;0.5;2.0;0.5
	40.0Gbps;0.5;2.0;0.5
	80.0Gbps;0.5;2.0;0.5
	160.0Gbps;0.5;2.0;0.5
	320.0Gbps;0.5;2.0;0.5
8;1;1>19
	10.0Gbps;0.5;2.0;0.5
	20.0Gbps;0.5;2.0;0.5
	40.0Gbps;0.5;2.0;0.5
	80.0Gbps;0.5;2.0;0.5
	160.0Gbps;0.5;2.0;0.5
	320.0Gbps;0.5;2.0;0.5
8;1;1>20
	10.0Gbps;0.5;2.0;0.5
	20.0Gbps;0.5;2.0;0.5
	40.0Gbps;0.5;2.0;0.5
	80.0Gbps;0.5;2.0;0.5
	160.0Gbps;0.5;2.0;0.5
	320.0Gbps;0.5;2.0;0.5
8;1;1>21
	10.0Gbps;0.5;2.0;0.5
	20.0Gbps;0.5;2.0;0.5
	40.0Gbps;0.5;2.0;0.5
	80.0Gbps;0.5;2.0;0.5
	160.0Gbps;0.5;2.0;0.5
	320.0Gbps;0.5;2.0;0.5
8;1;1>22
	10.0Gbps;0.5;2.0;0.5
	20.0Gbps;0.5;2.0;0.5
	40.0Gbps;0.5;2.0;0.5
	80.0Gbps;0.5;2.0;0.5
	160.0Gbps;0.5;2.0;0.5
	320.0Gbps;0.5;2.0;0.5
8;1;1>23
	10.0Gbps;0.5;2.0;0.5
	20.0Gbps;0.5;2.0;0.5
	40.0Gbps;0.5;2.0;0.5
	80.0Gbps;0.5;2.0;0.5
	160.0Gbps;0.5;2.0;0.5
	320.0Gbps;0.5;2.0;0.5
8;1;1>24
	10.0Gbps;0.5;2.0;0.5
	20.0Gbps;0.5;2.0;0.5
	40.0Gbps;0.5;2.0;0.5
	80.0Gbps;0.5;2.0;0.5
	160.0Gbps;0.5;2.0;0.5
	320.0Gbps;0.5;2.0;0.5
9;1;1>1
	10.0Gbps;0.5;2.0;0.5
	20.0Gbps;0.5;2.0;0.5
	40.0Gbps;0.5;2.0;0.5
	80.0Gbps;0.5;2.0;0.5
	160.0Gbps;0.5;2.0;0.5
	320.0Gbps;0.5;2.0;0.5
9;1;1>2
	10.0Gbps;0.5;2.0;0.5
	20.0Gbps;0.5;2.0;0.5
	40.0Gbps;0.5;2.0;0.5
	80.0Gbps;0.5;2.0;0.5
	160.0Gbps;0.5;2.0;0.5
	320.0Gbps;0.5;2.0;0.5
9;1;1>3
	10.0Gbps;0.5;2.0;0.5
	20.0Gbps;0.5;2.0;0.5
	40.0Gbps;0.5;2.0;0.5
	80.0Gbps;0.5;2.0;0.5
	160.0Gbps;0.5;2.0;0.5
	320.0Gbps;0.5;2.0;0.5
9;1;1>4
	10.0Gbps;0.5;2.0;0.5
	20.0Gbps;0.5;2.0;0.5
	40.0Gbps;0.5;2.0;0.5
	80.0Gbps;0.5;2.0;0.5
	160.0Gbps;0.5;2.0;0.5
	320.0Gbps;0.5;2.0;0.5
9;1;1>5
	10.0Gbps;0.5;2.0;0.5
	20.0Gbps;0.5;2.0;0.5
	40.0Gbps;0.5;2.0;0.5
	80.0Gbps;0.5;2.0;0.5
	160.0Gbps;0.5;2.0;0.5
	320.0Gbps;0.5;2.0;0.5
9;1;1>6
	10.0Gbps;0.5;2.0;0.5
	20.0Gbps;0.5;2.0;0.5
	40.0Gbps;0.5;2.0;0.5
	80.0Gbps;0.5;2.0;0.5
	160.0Gbps;0.5;2.0;0.5
	320.0Gbps;0.5;2.0;0.5
9;1;1>7
	10.0Gbps;0.5;2.0;0.5
	20.0Gbps;0.5;2.0;0.5
	40.0Gbps;0.5;2.0;0.5
	80.0Gbps;0.5;2.0;0.5
	160.0Gbps;0.5;2.0;0.5
	320.0Gbps;0.5;2.0;0.5
9;1;1>8
	10.0Gbps;0.5;2.0;0.5
	20.0Gbps;0.5;2.0;0.5
	40.0Gbps;0.5;2.0;0.5
	80.0Gbps;0.5;2.0;0.5
	160.0Gbps;0.5;2.0;0.5
	320.0Gbps;0.5;2.0;0.5
9;1;1>10
	10.0Gbps;0.5;2.0;0.5
	20.0Gbps;0.5;2.0;0.5
	40.0Gbps;0.5;2.0;0.5
	80.0Gbps;0.5;2.0;0.5
	160.0Gbps;0.5;2.0;0.5
	320.0Gbps;0.5;2.0;0.5
9;1;1>11
	10.0Gbps;0.5;2.0;0.5
	20.0Gbps;0.5;2.0;0.5
	40.0Gbps;0.5;2.0;0.5
	80.0Gbps;0.5;2.0;0.5
	160.0Gbps;0.5;2.0;0.5
	320.0Gbps;0.5;2.0;0.5
9;1;1>12
	10.0Gbps;0.5;2.0;0.5
	20.0Gbps;0.5;2.0;0.5
	40.0Gbps;0.5;2.0;0.5
	80.0Gbps;0.5;2.0;0.5
	160.0Gbps;0.5;2.0;0.5
	320.0Gbps;0.5;2.0;0.5
9;1;1>13
	10.0Gbps;0.5;2.0;0.5
	20.0Gbps;0.5;2.0;0.5
	40.0Gbps;0.5;2.0;0.5
	80.0Gbps;0.5;2.0;0.5
	160.0Gbps;0.5;2.0;0.5
	320.0Gbps;0.5;2.0;0.5
9;1;1>14
	10.0Gbps;0.5;2.0;0.5
	20.0Gbps;0.5;2.0;0.5
	40.0Gbps;0.5;2.0;0.5
	80.0Gbps;0.5;2.0;0.5
	160.0Gbps;0.5;2.0;0.5
	320.0Gbps;0.5;2.0;0.5
9;1;1>15
	10.0Gbps;0.5;2.0;0.5
	20.0Gbps;0.5;2.0;0.5
	40.0Gbps;0.5;2.0;0.5
	80.0Gbps;0.5;2.0;0.5
	160.0Gbps;0.5;2.0;0.5
	320.0Gbps;0.5;2.0;0.5
9;1;1>16
	10.0Gbps;0.5;2.0;0.5
	20.0Gbps;0.5;2.0;0.5
	40.0Gbps;0.5;2.0;0.5
	80.0Gbps;0.5;2.0;0.5
	160.0Gbps;0.5;2.0;0.5
	320.0Gbps;0.5;2.0;0.5
9;1;1>17
	10.0Gbps;0.5;2.0;0.5
	20.0Gbps;0.5;2.0;0.5
	40.0Gbps;0.5;2.0;0.5
	80.0Gbps;0.5;2.0;0.5
	160.0Gbps;0.5;2.0;0.5
	320.0Gbps;0.5;2.0;0.5
9;1;1>18
	10.0Gbps;0.5;2.0;0.5
	20.0Gbps;0.5;2.0;0.5
	40.0Gbps;0.5;2.0;0.5
	80.0Gbps;0.5;2.0;0.5
	160.0Gbps;0.5;2.0;0.5
	320.0Gbps;0.5;2.0;0.5
9;1;1>19
	10.0Gbps;0.5;2.0;0.5
	20.0Gbps;0.5;2.0;0.5
	40.0Gbps;0.5;2.0;0.5
	80.0Gbps;0.5;2.0;0.5
	160.0Gbps;0.5;2.0;0.5
	320.0Gbps;0.5;2.0;0.5
9;1;1>20
	10.0Gbps;0.5;2.0;0.5
	20.0Gbps;0.5;2.0;0.5
	40.0Gbps;0.5;2.0;0.5
	80.0Gbps;0.5;2.0;0.5
	160.0Gbps;0.5;2.0;0.5
	320.0Gbps;0.5;2.0;0.5
9;1;1>21
	10.0Gbps;0.5;2.0;0.5
	20.0Gbps;0.5;2.0;0.5
	40.0Gbps;0.5;2.0;0.5
	80.0Gbps;0.5;2.0;0.5
	160.0Gbps;0.5;2.0;0.5
	320.0Gbps;0.5;2.0;0.5
9;1;1>22
	10.0Gbps;0.5;2.0;0.5
	20.0Gbps;0.5;2.0;0.5
	40.0Gbps;0.5;2.0;0.5
	80.0Gbps;0.5;2.0;0.5
	160.0Gbps;0.5;2.0;0.5
	320.0Gbps;0.5;2.0;0.5
9;1;1>23
	10.0Gbps;0.5;2.0;0.5
	20.0Gbps;0.5;2.0;0.5
	40.0Gbps;0.5;2.0;0.5
	80.0Gbps;0.5;2.0;0.5
	160.0Gbps;0.5;2.0;0.5
	320.0Gbps;0.5;2.0;0.5
9;1;1>24
	10.0Gbps;0.5;2.0;0.5
	20.0Gbps;0.5;2.0;0.5
	40.0Gbps;0.5;2.0;0.5
	80.0Gbps;0.5;2.0;0.5
	160.0Gbps;0.5;2.0;0.5
	320.0Gbps;0.5;2.0;0.5
10;1;1>1
	10.0Gbps;0.5;2.0;0.5
	20.0Gbps;0.5;2.0;0.5
	40.0Gbps;0.5;2.0;0.5
	80.0Gbps;0.5;2.0;0.5
	160.0Gbps;0.5;2.0;0.5
	320.0Gbps;0.5;2.0;0.5
10;1;1>2
	10.0Gbps;0.5;2.0;0.5
	20.0Gbps;0.5;2.0;0.5
	40.0Gbps;0.5;2.0;0.5
	80.0Gbps;0.5;2.0;0.5
	160.0Gbps;0.5;2.0;0.5
	320.0Gbps;0.5;2.0;0.5
10;1;1>3
	10.0Gbps;0.5;2.0;0.5
	20.0Gbps;0.5;2.0;0.5
	40.0Gbps;0.5;2.0;0.5
	80.0Gbps;0.5;2.0;0.5
	160.0Gbps;0.5;2.0;0.5
	320.0Gbps;0.5;2.0;0.5
10;1;1>4
	10.0Gbps;0.5;2.0;0.5
	20.0Gbps;0.5;2.0;0.5
	40.0Gbps;0.5;2.0;0.5
	80.0Gbps;0.5;2.0;0.5
	160.0Gbps;0.5;2.0;0.5
	320.0Gbps;0.5;2.0;0.5
10;1;1>5
	10.0Gbps;0.5;2.0;0.5
	20.0Gbps;0.5;2.0;0.5
	40.0Gbps;0.5;2.0;0.5
	80.0Gbps;0.5;2.0;0.5
	160.0Gbps;0.5;2.0;0.5
	320.0Gbps;0.5;2.0;0.5
10;1;1>6
	10.0Gbps;0.5;2.0;0.5
	20.0Gbps;0.5;2.0;0.5
	40.0Gbps;0.5;2.0;0.5
	80.0Gbps;0.5;2.0;0.5
	160.0Gbps;0.5;2.0;0.5
	320.0Gbps;0.5;2.0;0.5
10;1;1>7
	10.0Gbps;0.5;2.0;0.5
	20.0Gbps;0.5;2.0;0.5
	40.0Gbps;0.5;2.0;0.5
	80.0Gbps;0.5;2.0;0.5
	160.0Gbps;0.5;2.0;0.5
	320.0Gbps;0.5;2.0;0.5
10;1;1>8
	10.0Gbps;0.5;2.0;0.5
	20.0Gbps;0.5;2.0;0.5
	40.0Gbps;0.5;2.0;0.5
	80.0Gbps;0.5;2.0;0.5
	160.0Gbps;0.5;2.0;0.5
	320.0Gbps;0.5;2.0;0.5
10;1;1>9
	10.0Gbps;0.5;2.0;0.5
	20.0Gbps;0.5;2.0;0.5
	40.0Gbps;0.5;2.0;0.5
	80.0Gbps;0.5;2.0;0.5
	160.0Gbps;0.5;2.0;0.5
	320.0Gbps;0.5;2.0;0.5
10;1;1>11
	10.0Gbps;0.5;2.0;0.5
	20.0Gbps;0.5;2.0;0.5
	40.0Gbps;0.5;2.0;0.5
	80.0Gbps;0.5;2.0;0.5
	160.0Gbps;0.5;2.0;0.5
	320.0Gbps;0.5;2.0;0.5
10;1;1>12
	10.0Gbps;0.5;2.0;0.5
	20.0Gbps;0.5;2.0;0.5
	40.0Gbps;0.5;2.0;0.5
	80.0Gbps;0.5;2.0;0.5
	160.0Gbps;0.5;2.0;0.5
	320.0Gbps;0.5;2.0;0.5
10;1;1>13
	10.0Gbps;0.5;2.0;0.5
	20.0Gbps;0.5;2.0;0.5
	40.0Gbps;0.5;2.0;0.5
	80.0Gbps;0.5;2.0;0.5
	160.0Gbps;0.5;2.0;0.5
	320.0Gbps;0.5;2.0;0.5
10;1;1>14
	10.0Gbps;0.5;2.0;0.5
	20.0Gbps;0.5;2.0;0.5
	40.0Gbps;0.5;2.0;0.5
	80.0Gbps;0.5;2.0;0.5
	160.0Gbps;0.5;2.0;0.5
	320.0Gbps;0.5;2.0;0.5
10;1;1>15
	10.0Gbps;0.5;2.0;0.5
	20.0Gbps;0.5;2.0;0.5
	40.0Gbps;0.5;2.0;0.5
	80.0Gbps;0.5;2.0;0.5
	160.0Gbps;0.5;2.0;0.5
	320.0Gbps;0.5;2.0;0.5
10;1;1>16
	10.0Gbps;0.5;2.0;0.5
	20.0Gbps;0.5;2.0;0.5
	40.0Gbps;0.5;2.0;0.5
	80.0Gbps;0.5;2.0;0.5
	160.0Gbps;0.5;2.0;0.5
	320.0Gbps;0.5;2.0;0.5
10;1;1>17
	10.0Gbps;0.5;2.0;0.5
	20.0Gbps;0.5;2.0;0.5
	40.0Gbps;0.5;2.0;0.5
	80.0Gbps;0.5;2.0;0.5
	160.0Gbps;0.5;2.0;0.5
	320.0Gbps;0.5;2.0;0.5
10;1;1>18
	10.0Gbps;0.5;2.0;0.5
	20.0Gbps;0.5;2.0;0.5
	40.0Gbps;0.5;2.0;0.5
	80.0Gbps;0.5;2.0;0.5
	160.0Gbps;0.5;2.0;0.5
	320.0Gbps;0.5;2.0;0.5
10;1;1>19
	10.0Gbps;0.5;2.0;0.5
	20.0Gbps;0.5;2.0;0.5
	40.0Gbps;0.5;2.0;0.5
	80.0Gbps;0.5;2.0;0.5
	160.0Gbps;0.5;2.0;0.5
	320.0Gbps;0.5;2.0;0.5
10;1;1>20
	10.0Gbps;0.5;2.0;0.5
	20.0Gbps;0.5;2.0;0.5
	40.0Gbps;0.5;2.0;0.5
	80.0Gbps;0.5;2.0;0.5
	160.0Gbps;0.5;2.0;0.5
	320.0Gbps;0.5;2.0;0.5
10;1;1>21
	10.0Gbps;0.5;2.0;0.5
	20.0Gbps;0.5;2.0;0.5
	40.0Gbps;0.5;2.0;0.5
	80.0Gbps;0.5;2.0;0.5
	160.0Gbps;0.5;2.0;0.5
	320.0Gbps;0.5;2.0;0.5
10;1;1>22
	10.0Gbps;0.5;2.0;0.5
	20.0Gbps;0.5;2.0;0.5
	40.0Gbps;0.5;2.0;0.5
	80.0Gbps;0.5;2.0;0.5
	160.0Gbps;0.5;2.0;0.5
	320.0Gbps;0.5;2.0;0.5
10;1;1>23
	10.0Gbps;0.5;2.0;0.5
	20.0Gbps;0.5;2.0;0.5
	40.0Gbps;0.5;2.0;0.5
	80.0Gbps;0.5;2.0;0.5
	160.0Gbps;0.5;2.0;0.5
	320.0Gbps;0.5;2.0;0.5
10;1;1>24
	10.0Gbps;0.5;2.0;0.5
	20.0Gbps;0.5;2.0;0.5
	40.0Gbps;0.5;2.0;0.5
	80.0Gbps;0.5;2.0;0.5
	160.0Gbps;0.5;2.0;0.5
	320.0Gbps;0.5;2.0;0.5
11;1;1>1
	10.0Gbps;0.5;2.0;0.5
	20.0Gbps;0.5;2.0;0.5
	40.0Gbps;0.5;2.0;0.5
	80.0Gbps;0.5;2.0;0.5
	160.0Gbps;0.5;2.0;0.5
	320.0Gbps;0.5;2.0;0.5
11;1;1>2
	10.0Gbps;0.5;2.0;0.5
	20.0Gbps;0.5;2.0;0.5
	40.0Gbps;0.5;2.0;0.5
	80.0Gbps;0.5;2.0;0.5
	160.0Gbps;0.5;2.0;0.5
	320.0Gbps;0.5;2.0;0.5
11;1;1>3
	10.0Gbps;0.5;2.0;0.5
	20.0Gbps;0.5;2.0;0.5
	40.0Gbps;0.5;2.0;0.5
	80.0Gbps;0.5;2.0;0.5
	160.0Gbps;0.5;2.0;0.5
	320.0Gbps;0.5;2.0;0.5
11;1;1>4
	10.0Gbps;0.5;2.0;0.5
	20.0Gbps;0.5;2.0;0.5
	40.0Gbps;0.5;2.0;0.5
	80.0Gbps;0.5;2.0;0.5
	160.0Gbps;0.5;2.0;0.5
	320.0Gbps;0.5;2.0;0.5
11;1;1>5
	10.0Gbps;0.5;2.0;0.5
	20.0Gbps;0.5;2.0;0.5
	40.0Gbps;0.5;2.0;0.5
	80.0Gbps;0.5;2.0;0.5
	160.0Gbps;0.5;2.0;0.5
	320.0Gbps;0.5;2.0;0.5
11;1;1>6
	10.0Gbps;0.5;2.0;0.5
	20.0Gbps;0.5;2.0;0.5
	40.0Gbps;0.5;2.0;0.5
	80.0Gbps;0.5;2.0;0.5
	160.0Gbps;0.5;2.0;0.5
	320.0Gbps;0.5;2.0;0.5
11;1;1>7
	10.0Gbps;0.5;2.0;0.5
	20.0Gbps;0.5;2.0;0.5
	40.0Gbps;0.5;2.0;0.5
	80.0Gbps;0.5;2.0;0.5
	160.0Gbps;0.5;2.0;0.5
	320.0Gbps;0.5;2.0;0.5
11;1;1>8
	10.0Gbps;0.5;2.0;0.5
	20.0Gbps;0.5;2.0;0.5
	40.0Gbps;0.5;2.0;0.5
	80.0Gbps;0.5;2.0;0.5
	160.0Gbps;0.5;2.0;0.5
	320.0Gbps;0.5;2.0;0.5
11;1;1>9
	10.0Gbps;0.5;2.0;0.5
	20.0Gbps;0.5;2.0;0.5
	40.0Gbps;0.5;2.0;0.5
	80.0Gbps;0.5;2.0;0.5
	160.0Gbps;0.5;2.0;0.5
	320.0Gbps;0.5;2.0;0.5
11;1;1>10
	10.0Gbps;0.5;2.0;0.5
	20.0Gbps;0.5;2.0;0.5
	40.0Gbps;0.5;2.0;0.5
	80.0Gbps;0.5;2.0;0.5
	160.0Gbps;0.5;2.0;0.5
	320.0Gbps;0.5;2.0;0.5
11;1;1>12
	10.0Gbps;0.5;2.0;0.5
	20.0Gbps;0.5;2.0;0.5
	40.0Gbps;0.5;2.0;0.5
	80.0Gbps;0.5;2.0;0.5
	160.0Gbps;0.5;2.0;0.5
	320.0Gbps;0.5;2.0;0.5
11;1;1>13
	10.0Gbps;0.5;2.0;0.5
	20.0Gbps;0.5;2.0;0.5
	40.0Gbps;0.5;2.0;0.5
	80.0Gbps;0.5;2.0;0.5
	160.0Gbps;0.5;2.0;0.5
	320.0Gbps;0.5;2.0;0.5
11;1;1>14
	10.0Gbps;0.5;2.0;0.5
	20.0Gbps;0.5;2.0;0.5
	40.0Gbps;0.5;2.0;0.5
	80.0Gbps;0.5;2.0;0.5
	160.0Gbps;0.5;2.0;0.5
	320.0Gbps;0.5;2.0;0.5
11;1;1>15
	10.0Gbps;0.5;2.0;0.5
	20.0Gbps;0.5;2.0;0.5
	40.0Gbps;0.5;2.0;0.5
	80.0Gbps;0.5;2.0;0.5
	160.0Gbps;0.5;2.0;0.5
	320.0Gbps;0.5;2.0;0.5
11;1;1>16
	10.0Gbps;0.5;2.0;0.5
	20.0Gbps;0.5;2.0;0.5
	40.0Gbps;0.5;2.0;0.5
	80.0Gbps;0.5;2.0;0.5
	160.0Gbps;0.5;2.0;0.5
	320.0Gbps;0.5;2.0;0.5
11;1;1>17
	10.0Gbps;0.5;2.0;0.5
	20.0Gbps;0.5;2.0;0.5
	40.0Gbps;0.5;2.0;0.5
	80.0Gbps;0.5;2.0;0.5
	160.0Gbps;0.5;2.0;0.5
	320.0Gbps;0.5;2.0;0.5
11;1;1>18
	10.0Gbps;0.5;2.0;0.5
	20.0Gbps;0.5;2.0;0.5
	40.0Gbps;0.5;2.0;0.5
	80.0Gbps;0.5;2.0;0.5
	160.0Gbps;0.5;2.0;0.5
	320.0Gbps;0.5;2.0;0.5
11;1;1>19
	10.0Gbps;0.5;2.0;0.5
	20.0Gbps;0.5;2.0;0.5
	40.0Gbps;0.5;2.0;0.5
	80.0Gbps;0.5;2.0;0.5
	160.0Gbps;0.5;2.0;0.5
	320.0Gbps;0.5;2.0;0.5
11;1;1>20
	10.0Gbps;0.5;2.0;0.5
	20.0Gbps;0.5;2.0;0.5
	40.0Gbps;0.5;2.0;0.5
	80.0Gbps;0.5;2.0;0.5
	160.0Gbps;0.5;2.0;0.5
	320.0Gbps;0.5;2.0;0.5
11;1;1>21
	10.0Gbps;0.5;2.0;0.5
	20.0Gbps;0.5;2.0;0.5
	40.0Gbps;0.5;2.0;0.5
	80.0Gbps;0.5;2.0;0.5
	160.0Gbps;0.5;2.0;0.5
	320.0Gbps;0.5;2.0;0.5
11;1;1>22
	10.0Gbps;0.5;2.0;0.5
	20.0Gbps;0.5;2.0;0.5
	40.0Gbps;0.5;2.0;0.5
	80.0Gbps;0.5;2.0;0.5
	160.0Gbps;0.5;2.0;0.5
	320.0Gbps;0.5;2.0;0.5
11;1;1>23
	10.0Gbps;0.5;2.0;0.5
	20.0Gbps;0.5;2.0;0.5
	40.0Gbps;0.5;2.0;0.5
	80.0Gbps;0.5;2.0;0.5
	160.0Gbps;0.5;2.0;0.5
	320.0Gbps;0.5;2.0;0.5
11;1;1>24
	10.0Gbps;0.5;2.0;0.5
	20.0Gbps;0.5;2.0;0.5
	40.0Gbps;0.5;2.0;0.5
	80.0Gbps;0.5;2.0;0.5
	160.0Gbps;0.5;2.0;0.5
	320.0Gbps;0.5;2.0;0.5
12;1;1>1
	10.0Gbps;0.5;2.0;0.5
	20.0Gbps;0.5;2.0;0.5
	40.0Gbps;0.5;2.0;0.5
	80.0Gbps;0.5;2.0;0.5
	160.0Gbps;0.5;2.0;0.5
	320.0Gbps;0.5;2.0;0.5
12;1;1>2
	10.0Gbps;0.5;2.0;0.5
	20.0Gbps;0.5;2.0;0.5
	40.0Gbps;0.5;2.0;0.5
	80.0Gbps;0.5;2.0;0.5
	160.0Gbps;0.5;2.0;0.5
	320.0Gbps;0.5;2.0;0.5
12;1;1>3
	10.0Gbps;0.5;2.0;0.5
	20.0Gbps;0.5;2.0;0.5
	40.0Gbps;0.5;2.0;0.5
	80.0Gbps;0.5;2.0;0.5
	160.0Gbps;0.5;2.0;0.5
	320.0Gbps;0.5;2.0;0.5
12;1;1>4
	10.0Gbps;0.5;2.0;0.5
	20.0Gbps;0.5;2.0;0.5
	40.0Gbps;0.5;2.0;0.5
	80.0Gbps;0.5;2.0;0.5
	160.0Gbps;0.5;2.0;0.5
	320.0Gbps;0.5;2.0;0.5
12;1;1>5
	10.0Gbps;0.5;2.0;0.5
	20.0Gbps;0.5;2.0;0.5
	40.0Gbps;0.5;2.0;0.5
	80.0Gbps;0.5;2.0;0.5
	160.0Gbps;0.5;2.0;0.5
	320.0Gbps;0.5;2.0;0.5
12;1;1>6
	10.0Gbps;0.5;2.0;0.5
	20.0Gbps;0.5;2.0;0.5
	40.0Gbps;0.5;2.0;0.5
	80.0Gbps;0.5;2.0;0.5
	160.0Gbps;0.5;2.0;0.5
	320.0Gbps;0.5;2.0;0.5
12;1;1>7
	10.0Gbps;0.5;2.0;0.5
	20.0Gbps;0.5;2.0;0.5
	40.0Gbps;0.5;2.0;0.5
	80.0Gbps;0.5;2.0;0.5
	160.0Gbps;0.5;2.0;0.5
	320.0Gbps;0.5;2.0;0.5
12;1;1>8
	10.0Gbps;0.5;2.0;0.5
	20.0Gbps;0.5;2.0;0.5
	40.0Gbps;0.5;2.0;0.5
	80.0Gbps;0.5;2.0;0.5
	160.0Gbps;0.5;2.0;0.5
	320.0Gbps;0.5;2.0;0.5
12;1;1>9
	10.0Gbps;0.5;2.0;0.5
	20.0Gbps;0.5;2.0;0.5
	40.0Gbps;0.5;2.0;0.5
	80.0Gbps;0.5;2.0;0.5
	160.0Gbps;0.5;2.0;0.5
	320.0Gbps;0.5;2.0;0.5
12;1;1>10
	10.0Gbps;0.5;2.0;0.5
	20.0Gbps;0.5;2.0;0.5
	40.0Gbps;0.5;2.0;0.5
	80.0Gbps;0.5;2.0;0.5
	160.0Gbps;0.5;2.0;0.5
	320.0Gbps;0.5;2.0;0.5
12;1;1>11
	10.0Gbps;0.5;2.0;0.5
	20.0Gbps;0.5;2.0;0.5
	40.0Gbps;0.5;2.0;0.5
	80.0Gbps;0.5;2.0;0.5
	160.0Gbps;0.5;2.0;0.5
	320.0Gbps;0.5;2.0;0.5
12;1;1>13
	10.0Gbps;0.5;2.0;0.5
	20.0Gbps;0.5;2.0;0.5
	40.0Gbps;0.5;2.0;0.5
	80.0Gbps;0.5;2.0;0.5
	160.0Gbps;0.5;2.0;0.5
	320.0Gbps;0.5;2.0;0.5
12;1;1>14
	10.0Gbps;0.5;2.0;0.5
	20.0Gbps;0.5;2.0;0.5
	40.0Gbps;0.5;2.0;0.5
	80.0Gbps;0.5;2.0;0.5
	160.0Gbps;0.5;2.0;0.5
	320.0Gbps;0.5;2.0;0.5
12;1;1>15
	10.0Gbps;0.5;2.0;0.5
	20.0Gbps;0.5;2.0;0.5
	40.0Gbps;0.5;2.0;0.5
	80.0Gbps;0.5;2.0;0.5
	160.0Gbps;0.5;2.0;0.5
	320.0Gbps;0.5;2.0;0.5
12;1;1>16
	10.0Gbps;0.5;2.0;0.5
	20.0Gbps;0.5;2.0;0.5
	40.0Gbps;0.5;2.0;0.5
	80.0Gbps;0.5;2.0;0.5
	160.0Gbps;0.5;2.0;0.5
	320.0Gbps;0.5;2.0;0.5
12;1;1>17
	10.0Gbps;0.5;2.0;0.5
	20.0Gbps;0.5;2.0;0.5
	40.0Gbps;0.5;2.0;0.5
	80.0Gbps;0.5;2.0;0.5
	160.0Gbps;0.5;2.0;0.5
	320.0Gbps;0.5;2.0;0.5
12;1;1>18
	10.0Gbps;0.5;2.0;0.5
	20.0Gbps;0.5;2.0;0.5
	40.0Gbps;0.5;2.0;0.5
	80.0Gbps;0.5;2.0;0.5
	160.0Gbps;0.5;2.0;0.5
	320.0Gbps;0.5;2.0;0.5
12;1;1>19
	10.0Gbps;0.5;2.0;0.5
	20.0Gbps;0.5;2.0;0.5
	40.0Gbps;0.5;2.0;0.5
	80.0Gbps;0.5;2.0;0.5
	160.0Gbps;0.5;2.0;0.5
	320.0Gbps;0.5;2.0;0.5
12;1;1>20
	10.0Gbps;0.5;2.0;0.5
	20.0Gbps;0.5;2.0;0.5
	40.0Gbps;0.5;2.0;0.5
	80.0Gbps;0.5;2.0;0.5
	160.0Gbps;0.5;2.0;0.5
	320.0Gbps;0.5;2.0;0.5
12;1;1>21
	10.0Gbps;0.5;2.0;0.5
	20.0Gbps;0.5;2.0;0.5
	40.0Gbps;0.5;2.0;0.5
	80.0Gbps;0.5;2.0;0.5
	160.0Gbps;0.5;2.0;0.5
	320.0Gbps;0.5;2.0;0.5
12;1;1>22
	10.0Gbps;0.5;2.0;0.5
	20.0Gbps;0.5;2.0;0.5
	40.0Gbps;0.5;2.0;0.5
	80.0Gbps;0.5;2.0;0.5
	160.0Gbps;0.5;2.0;0.5
	320.0Gbps;0.5;2.0;0.5
12;1;1>23
	10.0Gbps;0.5;2.0;0.5
	20.0Gbps;0.5;2.0;0.5
	40.0Gbps;0.5;2.0;0.5
	80.0Gbps;0.5;2.0;0.5
	160.0Gbps;0.5;2.0;0.5
	320.0Gbps;0.5;2.0;0.5
12;1;1>24
	10.0Gbps;0.5;2.0;0.5
	20.0Gbps;0.5;2.0;0.5
	40.0Gbps;0.5;2.0;0.5
	80.0Gbps;0.5;2.0;0.5
	160.0Gbps;0.5;2.0;0.5
	320.0Gbps;0.5;2.0;0.5
13;1;1>1
	10.0Gbps;0.5;2.0;0.5
	20.0Gbps;0.5;2.0;0.5
	40.0Gbps;0.5;2.0;0.5
	80.0Gbps;0.5;2.0;0.5
	160.0Gbps;0.5;2.0;0.5
	320.0Gbps;0.5;2.0;0.5
13;1;1>2
	10.0Gbps;0.5;2.0;0.5
	20.0Gbps;0.5;2.0;0.5
	40.0Gbps;0.5;2.0;0.5
	80.0Gbps;0.5;2.0;0.5
	160.0Gbps;0.5;2.0;0.5
	320.0Gbps;0.5;2.0;0.5
13;1;1>3
	10.0Gbps;0.5;2.0;0.5
	20.0Gbps;0.5;2.0;0.5
	40.0Gbps;0.5;2.0;0.5
	80.0Gbps;0.5;2.0;0.5
	160.0Gbps;0.5;2.0;0.5
	320.0Gbps;0.5;2.0;0.5
13;1;1>4
	10.0Gbps;0.5;2.0;0.5
	20.0Gbps;0.5;2.0;0.5
	40.0Gbps;0.5;2.0;0.5
	80.0Gbps;0.5;2.0;0.5
	160.0Gbps;0.5;2.0;0.5
	320.0Gbps;0.5;2.0;0.5
13;1;1>5
	10.0Gbps;0.5;2.0;0.5
	20.0Gbps;0.5;2.0;0.5
	40.0Gbps;0.5;2.0;0.5
	80.0Gbps;0.5;2.0;0.5
	160.0Gbps;0.5;2.0;0.5
	320.0Gbps;0.5;2.0;0.5
13;1;1>6
	10.0Gbps;0.5;2.0;0.5
	20.0Gbps;0.5;2.0;0.5
	40.0Gbps;0.5;2.0;0.5
	80.0Gbps;0.5;2.0;0.5
	160.0Gbps;0.5;2.0;0.5
	320.0Gbps;0.5;2.0;0.5
13;1;1>7
	10.0Gbps;0.5;2.0;0.5
	20.0Gbps;0.5;2.0;0.5
	40.0Gbps;0.5;2.0;0.5
	80.0Gbps;0.5;2.0;0.5
	160.0Gbps;0.5;2.0;0.5
	320.0Gbps;0.5;2.0;0.5
13;1;1>8
	10.0Gbps;0.5;2.0;0.5
	20.0Gbps;0.5;2.0;0.5
	40.0Gbps;0.5;2.0;0.5
	80.0Gbps;0.5;2.0;0.5
	160.0Gbps;0.5;2.0;0.5
	320.0Gbps;0.5;2.0;0.5
13;1;1>9
	10.0Gbps;0.5;2.0;0.5
	20.0Gbps;0.5;2.0;0.5
	40.0Gbps;0.5;2.0;0.5
	80.0Gbps;0.5;2.0;0.5
	160.0Gbps;0.5;2.0;0.5
	320.0Gbps;0.5;2.0;0.5
13;1;1>10
	10.0Gbps;0.5;2.0;0.5
	20.0Gbps;0.5;2.0;0.5
	40.0Gbps;0.5;2.0;0.5
	80.0Gbps;0.5;2.0;0.5
	160.0Gbps;0.5;2.0;0.5
	320.0Gbps;0.5;2.0;0.5
13;1;1>11
	10.0Gbps;0.5;2.0;0.5
	20.0Gbps;0.5;2.0;0.5
	40.0Gbps;0.5;2.0;0.5
	80.0Gbps;0.5;2.0;0.5
	160.0Gbps;0.5;2.0;0.5
	320.0Gbps;0.5;2.0;0.5
13;1;1>12
	10.0Gbps;0.5;2.0;0.5
	20.0Gbps;0.5;2.0;0.5
	40.0Gbps;0.5;2.0;0.5
	80.0Gbps;0.5;2.0;0.5
	160.0Gbps;0.5;2.0;0.5
	320.0Gbps;0.5;2.0;0.5
13;1;1>14
	10.0Gbps;0.5;2.0;0.5
	20.0Gbps;0.5;2.0;0.5
	40.0Gbps;0.5;2.0;0.5
	80.0Gbps;0.5;2.0;0.5
	160.0Gbps;0.5;2.0;0.5
	320.0Gbps;0.5;2.0;0.5
13;1;1>15
	10.0Gbps;0.5;2.0;0.5
	20.0Gbps;0.5;2.0;0.5
	40.0Gbps;0.5;2.0;0.5
	80.0Gbps;0.5;2.0;0.5
	160.0Gbps;0.5;2.0;0.5
	320.0Gbps;0.5;2.0;0.5
13;1;1>16
	10.0Gbps;0.5;2.0;0.5
	20.0Gbps;0.5;2.0;0.5
	40.0Gbps;0.5;2.0;0.5
	80.0Gbps;0.5;2.0;0.5
	160.0Gbps;0.5;2.0;0.5
	320.0Gbps;0.5;2.0;0.5
13;1;1>17
	10.0Gbps;0.5;2.0;0.5
	20.0Gbps;0.5;2.0;0.5
	40.0Gbps;0.5;2.0;0.5
	80.0Gbps;0.5;2.0;0.5
	160.0Gbps;0.5;2.0;0.5
	320.0Gbps;0.5;2.0;0.5
13;1;1>18
	10.0Gbps;0.5;2.0;0.5
	20.0Gbps;0.5;2.0;0.5
	40.0Gbps;0.5;2.0;0.5
	80.0Gbps;0.5;2.0;0.5
	160.0Gbps;0.5;2.0;0.5
	320.0Gbps;0.5;2.0;0.5
13;1;1>19
	10.0Gbps;0.5;2.0;0.5
	20.0Gbps;0.5;2.0;0.5
	40.0Gbps;0.5;2.0;0.5
	80.0Gbps;0.5;2.0;0.5
	160.0Gbps;0.5;2.0;0.5
	320.0Gbps;0.5;2.0;0.5
13;1;1>20
	10.0Gbps;0.5;2.0;0.5
	20.0Gbps;0.5;2.0;0.5
	40.0Gbps;0.5;2.0;0.5
	80.0Gbps;0.5;2.0;0.5
	160.0Gbps;0.5;2.0;0.5
	320.0Gbps;0.5;2.0;0.5
13;1;1>21
	10.0Gbps;0.5;2.0;0.5
	20.0Gbps;0.5;2.0;0.5
	40.0Gbps;0.5;2.0;0.5
	80.0Gbps;0.5;2.0;0.5
	160.0Gbps;0.5;2.0;0.5
	320.0Gbps;0.5;2.0;0.5
13;1;1>22
	10.0Gbps;0.5;2.0;0.5
	20.0Gbps;0.5;2.0;0.5
	40.0Gbps;0.5;2.0;0.5
	80.0Gbps;0.5;2.0;0.5
	160.0Gbps;0.5;2.0;0.5
	320.0Gbps;0.5;2.0;0.5
13;1;1>23
	10.0Gbps;0.5;2.0;0.5
	20.0Gbps;0.5;2.0;0.5
	40.0Gbps;0.5;2.0;0.5
	80.0Gbps;0.5;2.0;0.5
	160.0Gbps;0.5;2.0;0.5
	320.0Gbps;0.5;2.0;0.5
13;1;1>24
	10.0Gbps;0.5;2.0;0.5
	20.0Gbps;0.5;2.0;0.5
	40.0Gbps;0.5;2.0;0.5
	80.0Gbps;0.5;2.0;0.5
	160.0Gbps;0.5;2.0;0.5
	320.0Gbps;0.5;2.0;0.5
14;1;1>1
	10.0Gbps;0.5;2.0;0.5
	20.0Gbps;0.5;2.0;0.5
	40.0Gbps;0.5;2.0;0.5
	80.0Gbps;0.5;2.0;0.5
	160.0Gbps;0.5;2.0;0.5
	320.0Gbps;0.5;2.0;0.5
14;1;1>2
	10.0Gbps;0.5;2.0;0.5
	20.0Gbps;0.5;2.0;0.5
	40.0Gbps;0.5;2.0;0.5
	80.0Gbps;0.5;2.0;0.5
	160.0Gbps;0.5;2.0;0.5
	320.0Gbps;0.5;2.0;0.5
14;1;1>3
	10.0Gbps;0.5;2.0;0.5
	20.0Gbps;0.5;2.0;0.5
	40.0Gbps;0.5;2.0;0.5
	80.0Gbps;0.5;2.0;0.5
	160.0Gbps;0.5;2.0;0.5
	320.0Gbps;0.5;2.0;0.5
14;1;1>4
	10.0Gbps;0.5;2.0;0.5
	20.0Gbps;0.5;2.0;0.5
	40.0Gbps;0.5;2.0;0.5
	80.0Gbps;0.5;2.0;0.5
	160.0Gbps;0.5;2.0;0.5
	320.0Gbps;0.5;2.0;0.5
14;1;1>5
	10.0Gbps;0.5;2.0;0.5
	20.0Gbps;0.5;2.0;0.5
	40.0Gbps;0.5;2.0;0.5
	80.0Gbps;0.5;2.0;0.5
	160.0Gbps;0.5;2.0;0.5
	320.0Gbps;0.5;2.0;0.5
14;1;1>6
	10.0Gbps;0.5;2.0;0.5
	20.0Gbps;0.5;2.0;0.5
	40.0Gbps;0.5;2.0;0.5
	80.0Gbps;0.5;2.0;0.5
	160.0Gbps;0.5;2.0;0.5
	320.0Gbps;0.5;2.0;0.5
14;1;1>7
	10.0Gbps;0.5;2.0;0.5
	20.0Gbps;0.5;2.0;0.5
	40.0Gbps;0.5;2.0;0.5
	80.0Gbps;0.5;2.0;0.5
	160.0Gbps;0.5;2.0;0.5
	320.0Gbps;0.5;2.0;0.5
14;1;1>8
	10.0Gbps;0.5;2.0;0.5
	20.0Gbps;0.5;2.0;0.5
	40.0Gbps;0.5;2.0;0.5
	80.0Gbps;0.5;2.0;0.5
	160.0Gbps;0.5;2.0;0.5
	320.0Gbps;0.5;2.0;0.5
14;1;1>9
	10.0Gbps;0.5;2.0;0.5
	20.0Gbps;0.5;2.0;0.5
	40.0Gbps;0.5;2.0;0.5
	80.0Gbps;0.5;2.0;0.5
	160.0Gbps;0.5;2.0;0.5
	320.0Gbps;0.5;2.0;0.5
14;1;1>10
	10.0Gbps;0.5;2.0;0.5
	20.0Gbps;0.5;2.0;0.5
	40.0Gbps;0.5;2.0;0.5
	80.0Gbps;0.5;2.0;0.5
	160.0Gbps;0.5;2.0;0.5
	320.0Gbps;0.5;2.0;0.5
14;1;1>11
	10.0Gbps;0.5;2.0;0.5
	20.0Gbps;0.5;2.0;0.5
	40.0Gbps;0.5;2.0;0.5
	80.0Gbps;0.5;2.0;0.5
	160.0Gbps;0.5;2.0;0.5
	320.0Gbps;0.5;2.0;0.5
14;1;1>12
	10.0Gbps;0.5;2.0;0.5
	20.0Gbps;0.5;2.0;0.5
	40.0Gbps;0.5;2.0;0.5
	80.0Gbps;0.5;2.0;0.5
	160.0Gbps;0.5;2.0;0.5
	320.0Gbps;0.5;2.0;0.5
14;1;1>13
	10.0Gbps;0.5;2.0;0.5
	20.0Gbps;0.5;2.0;0.5
	40.0Gbps;0.5;2.0;0.5
	80.0Gbps;0.5;2.0;0.5
	160.0Gbps;0.5;2.0;0.5
	320.0Gbps;0.5;2.0;0.5
14;1;1>15
	10.0Gbps;0.5;2.0;0.5
	20.0Gbps;0.5;2.0;0.5
	40.0Gbps;0.5;2.0;0.5
	80.0Gbps;0.5;2.0;0.5
	160.0Gbps;0.5;2.0;0.5
	320.0Gbps;0.5;2.0;0.5
14;1;1>16
	10.0Gbps;0.5;2.0;0.5
	20.0Gbps;0.5;2.0;0.5
	40.0Gbps;0.5;2.0;0.5
	80.0Gbps;0.5;2.0;0.5
	160.0Gbps;0.5;2.0;0.5
	320.0Gbps;0.5;2.0;0.5
14;1;1>17
	10.0Gbps;0.5;2.0;0.5
	20.0Gbps;0.5;2.0;0.5
	40.0Gbps;0.5;2.0;0.5
	80.0Gbps;0.5;2.0;0.5
	160.0Gbps;0.5;2.0;0.5
	320.0Gbps;0.5;2.0;0.5
14;1;1>18
	10.0Gbps;0.5;2.0;0.5
	20.0Gbps;0.5;2.0;0.5
	40.0Gbps;0.5;2.0;0.5
	80.0Gbps;0.5;2.0;0.5
	160.0Gbps;0.5;2.0;0.5
	320.0Gbps;0.5;2.0;0.5
14;1;1>19
	10.0Gbps;0.5;2.0;0.5
	20.0Gbps;0.5;2.0;0.5
	40.0Gbps;0.5;2.0;0.5
	80.0Gbps;0.5;2.0;0.5
	160.0Gbps;0.5;2.0;0.5
	320.0Gbps;0.5;2.0;0.5
14;1;1>20
	10.0Gbps;0.5;2.0;0.5
	20.0Gbps;0.5;2.0;0.5
	40.0Gbps;0.5;2.0;0.5
	80.0Gbps;0.5;2.0;0.5
	160.0Gbps;0.5;2.0;0.5
	320.0Gbps;0.5;2.0;0.5
14;1;1>21
	10.0Gbps;0.5;2.0;0.5
	20.0Gbps;0.5;2.0;0.5
	40.0Gbps;0.5;2.0;0.5
	80.0Gbps;0.5;2.0;0.5
	160.0Gbps;0.5;2.0;0.5
	320.0Gbps;0.5;2.0;0.5
14;1;1>22
	10.0Gbps;0.5;2.0;0.5
	20.0Gbps;0.5;2.0;0.5
	40.0Gbps;0.5;2.0;0.5
	80.0Gbps;0.5;2.0;0.5
	160.0Gbps;0.5;2.0;0.5
	320.0Gbps;0.5;2.0;0.5
14;1;1>23
	10.0Gbps;0.5;2.0;0.5
	20.0Gbps;0.5;2.0;0.5
	40.0Gbps;0.5;2.0;0.5
	80.0Gbps;0.5;2.0;0.5
	160.0Gbps;0.5;2.0;0.5
	320.0Gbps;0.5;2.0;0.5
14;1;1>24
	10.0Gbps;0.5;2.0;0.5
	20.0Gbps;0.5;2.0;0.5
	40.0Gbps;0.5;2.0;0.5
	80.0Gbps;0.5;2.0;0.5
	160.0Gbps;0.5;2.0;0.5
	320.0Gbps;0.5;2.0;0.5
15;1;1>1
	10.0Gbps;0.5;2.0;0.5
	20.0Gbps;0.5;2.0;0.5
	40.0Gbps;0.5;2.0;0.5
	80.0Gbps;0.5;2.0;0.5
	160.0Gbps;0.5;2.0;0.5
	320.0Gbps;0.5;2.0;0.5
15;1;1>2
	10.0Gbps;0.5;2.0;0.5
	20.0Gbps;0.5;2.0;0.5
	40.0Gbps;0.5;2.0;0.5
	80.0Gbps;0.5;2.0;0.5
	160.0Gbps;0.5;2.0;0.5
	320.0Gbps;0.5;2.0;0.5
15;1;1>3
	10.0Gbps;0.5;2.0;0.5
	20.0Gbps;0.5;2.0;0.5
	40.0Gbps;0.5;2.0;0.5
	80.0Gbps;0.5;2.0;0.5
	160.0Gbps;0.5;2.0;0.5
	320.0Gbps;0.5;2.0;0.5
15;1;1>4
	10.0Gbps;0.5;2.0;0.5
	20.0Gbps;0.5;2.0;0.5
	40.0Gbps;0.5;2.0;0.5
	80.0Gbps;0.5;2.0;0.5
	160.0Gbps;0.5;2.0;0.5
	320.0Gbps;0.5;2.0;0.5
15;1;1>5
	10.0Gbps;0.5;2.0;0.5
	20.0Gbps;0.5;2.0;0.5
	40.0Gbps;0.5;2.0;0.5
	80.0Gbps;0.5;2.0;0.5
	160.0Gbps;0.5;2.0;0.5
	320.0Gbps;0.5;2.0;0.5
15;1;1>6
	10.0Gbps;0.5;2.0;0.5
	20.0Gbps;0.5;2.0;0.5
	40.0Gbps;0.5;2.0;0.5
	80.0Gbps;0.5;2.0;0.5
	160.0Gbps;0.5;2.0;0.5
	320.0Gbps;0.5;2.0;0.5
15;1;1>7
	10.0Gbps;0.5;2.0;0.5
	20.0Gbps;0.5;2.0;0.5
	40.0Gbps;0.5;2.0;0.5
	80.0Gbps;0.5;2.0;0.5
	160.0Gbps;0.5;2.0;0.5
	320.0Gbps;0.5;2.0;0.5
15;1;1>8
	10.0Gbps;0.5;2.0;0.5
	20.0Gbps;0.5;2.0;0.5
	40.0Gbps;0.5;2.0;0.5
	80.0Gbps;0.5;2.0;0.5
	160.0Gbps;0.5;2.0;0.5
	320.0Gbps;0.5;2.0;0.5
15;1;1>9
	10.0Gbps;0.5;2.0;0.5
	20.0Gbps;0.5;2.0;0.5
	40.0Gbps;0.5;2.0;0.5
	80.0Gbps;0.5;2.0;0.5
	160.0Gbps;0.5;2.0;0.5
	320.0Gbps;0.5;2.0;0.5
15;1;1>10
	10.0Gbps;0.5;2.0;0.5
	20.0Gbps;0.5;2.0;0.5
	40.0Gbps;0.5;2.0;0.5
	80.0Gbps;0.5;2.0;0.5
	160.0Gbps;0.5;2.0;0.5
	320.0Gbps;0.5;2.0;0.5
15;1;1>11
	10.0Gbps;0.5;2.0;0.5
	20.0Gbps;0.5;2.0;0.5
	40.0Gbps;0.5;2.0;0.5
	80.0Gbps;0.5;2.0;0.5
	160.0Gbps;0.5;2.0;0.5
	320.0Gbps;0.5;2.0;0.5
15;1;1>12
	10.0Gbps;0.5;2.0;0.5
	20.0Gbps;0.5;2.0;0.5
	40.0Gbps;0.5;2.0;0.5
	80.0Gbps;0.5;2.0;0.5
	160.0Gbps;0.5;2.0;0.5
	320.0Gbps;0.5;2.0;0.5
15;1;1>13
	10.0Gbps;0.5;2.0;0.5
	20.0Gbps;0.5;2.0;0.5
	40.0Gbps;0.5;2.0;0.5
	80.0Gbps;0.5;2.0;0.5
	160.0Gbps;0.5;2.0;0.5
	320.0Gbps;0.5;2.0;0.5
15;1;1>14
	10.0Gbps;0.5;2.0;0.5
	20.0Gbps;0.5;2.0;0.5
	40.0Gbps;0.5;2.0;0.5
	80.0Gbps;0.5;2.0;0.5
	160.0Gbps;0.5;2.0;0.5
	320.0Gbps;0.5;2.0;0.5
15;1;1>16
	10.0Gbps;0.5;2.0;0.5
	20.0Gbps;0.5;2.0;0.5
	40.0Gbps;0.5;2.0;0.5
	80.0Gbps;0.5;2.0;0.5
	160.0Gbps;0.5;2.0;0.5
	320.0Gbps;0.5;2.0;0.5
15;1;1>17
	10.0Gbps;0.5;2.0;0.5
	20.0Gbps;0.5;2.0;0.5
	40.0Gbps;0.5;2.0;0.5
	80.0Gbps;0.5;2.0;0.5
	160.0Gbps;0.5;2.0;0.5
	320.0Gbps;0.5;2.0;0.5
15;1;1>18
	10.0Gbps;0.5;2.0;0.5
	20.0Gbps;0.5;2.0;0.5
	40.0Gbps;0.5;2.0;0.5
	80.0Gbps;0.5;2.0;0.5
	160.0Gbps;0.5;2.0;0.5
	320.0Gbps;0.5;2.0;0.5
15;1;1>19
	10.0Gbps;0.5;2.0;0.5
	20.0Gbps;0.5;2.0;0.5
	40.0Gbps;0.5;2.0;0.5
	80.0Gbps;0.5;2.0;0.5
	160.0Gbps;0.5;2.0;0.5
	320.0Gbps;0.5;2.0;0.5
15;1;1>20
	10.0Gbps;0.5;2.0;0.5
	20.0Gbps;0.5;2.0;0.5
	40.0Gbps;0.5;2.0;0.5
	80.0Gbps;0.5;2.0;0.5
	160.0Gbps;0.5;2.0;0.5
	320.0Gbps;0.5;2.0;0.5
15;1;1>21
	10.0Gbps;0.5;2.0;0.5
	20.0Gbps;0.5;2.0;0.5
	40.0Gbps;0.5;2.0;0.5
	80.0Gbps;0.5;2.0;0.5
	160.0Gbps;0.5;2.0;0.5
	320.0Gbps;0.5;2.0;0.5
15;1;1>22
	10.0Gbps;0.5;2.0;0.5
	20.0Gbps;0.5;2.0;0.5
	40.0Gbps;0.5;2.0;0.5
	80.0Gbps;0.5;2.0;0.5
	160.0Gbps;0.5;2.0;0.5
	320.0Gbps;0.5;2.0;0.5
15;1;1>23
	10.0Gbps;0.5;2.0;0.5
	20.0Gbps;0.5;2.0;0.5
	40.0Gbps;0.5;2.0;0.5
	80.0Gbps;0.5;2.0;0.5
	160.0Gbps;0.5;2.0;0.5
	320.0Gbps;0.5;2.0;0.5
15;1;1>24
	10.0Gbps;0.5;2.0;0.5
	20.0Gbps;0.5;2.0;0.5
	40.0Gbps;0.5;2.0;0.5
	80.0Gbps;0.5;2.0;0.5
	160.0Gbps;0.5;2.0;0.5
	320.0Gbps;0.5;2.0;0.5
16;1;1>1
	10.0Gbps;0.5;2.0;0.5
	20.0Gbps;0.5;2.0;0.5
	40.0Gbps;0.5;2.0;0.5
	80.0Gbps;0.5;2.0;0.5
	160.0Gbps;0.5;2.0;0.5
	320.0Gbps;0.5;2.0;0.5
16;1;1>2
	10.0Gbps;0.5;2.0;0.5
	20.0Gbps;0.5;2.0;0.5
	40.0Gbps;0.5;2.0;0.5
	80.0Gbps;0.5;2.0;0.5
	160.0Gbps;0.5;2.0;0.5
	320.0Gbps;0.5;2.0;0.5
16;1;1>3
	10.0Gbps;0.5;2.0;0.5
	20.0Gbps;0.5;2.0;0.5
	40.0Gbps;0.5;2.0;0.5
	80.0Gbps;0.5;2.0;0.5
	160.0Gbps;0.5;2.0;0.5
	320.0Gbps;0.5;2.0;0.5
16;1;1>4
	10.0Gbps;0.5;2.0;0.5
	20.0Gbps;0.5;2.0;0.5
	40.0Gbps;0.5;2.0;0.5
	80.0Gbps;0.5;2.0;0.5
	160.0Gbps;0.5;2.0;0.5
	320.0Gbps;0.5;2.0;0.5
16;1;1>5
	10.0Gbps;0.5;2.0;0.5
	20.0Gbps;0.5;2.0;0.5
	40.0Gbps;0.5;2.0;0.5
	80.0Gbps;0.5;2.0;0.5
	160.0Gbps;0.5;2.0;0.5
	320.0Gbps;0.5;2.0;0.5
16;1;1>6
	10.0Gbps;0.5;2.0;0.5
	20.0Gbps;0.5;2.0;0.5
	40.0Gbps;0.5;2.0;0.5
	80.0Gbps;0.5;2.0;0.5
	160.0Gbps;0.5;2.0;0.5
	320.0Gbps;0.5;2.0;0.5
16;1;1>7
	10.0Gbps;0.5;2.0;0.5
	20.0Gbps;0.5;2.0;0.5
	40.0Gbps;0.5;2.0;0.5
	80.0Gbps;0.5;2.0;0.5
	160.0Gbps;0.5;2.0;0.5
	320.0Gbps;0.5;2.0;0.5
16;1;1>8
	10.0Gbps;0.5;2.0;0.5
	20.0Gbps;0.5;2.0;0.5
	40.0Gbps;0.5;2.0;0.5
	80.0Gbps;0.5;2.0;0.5
	160.0Gbps;0.5;2.0;0.5
	320.0Gbps;0.5;2.0;0.5
16;1;1>9
	10.0Gbps;0.5;2.0;0.5
	20.0Gbps;0.5;2.0;0.5
	40.0Gbps;0.5;2.0;0.5
	80.0Gbps;0.5;2.0;0.5
	160.0Gbps;0.5;2.0;0.5
	320.0Gbps;0.5;2.0;0.5
16;1;1>10
	10.0Gbps;0.5;2.0;0.5
	20.0Gbps;0.5;2.0;0.5
	40.0Gbps;0.5;2.0;0.5
	80.0Gbps;0.5;2.0;0.5
	160.0Gbps;0.5;2.0;0.5
	320.0Gbps;0.5;2.0;0.5
16;1;1>11
	10.0Gbps;0.5;2.0;0.5
	20.0Gbps;0.5;2.0;0.5
	40.0Gbps;0.5;2.0;0.5
	80.0Gbps;0.5;2.0;0.5
	160.0Gbps;0.5;2.0;0.5
	320.0Gbps;0.5;2.0;0.5
16;1;1>12
	10.0Gbps;0.5;2.0;0.5
	20.0Gbps;0.5;2.0;0.5
	40.0Gbps;0.5;2.0;0.5
	80.0Gbps;0.5;2.0;0.5
	160.0Gbps;0.5;2.0;0.5
	320.0Gbps;0.5;2.0;0.5
16;1;1>13
	10.0Gbps;0.5;2.0;0.5
	20.0Gbps;0.5;2.0;0.5
	40.0Gbps;0.5;2.0;0.5
	80.0Gbps;0.5;2.0;0.5
	160.0Gbps;0.5;2.0;0.5
	320.0Gbps;0.5;2.0;0.5
16;1;1>14
	10.0Gbps;0.5;2.0;0.5
	20.0Gbps;0.5;2.0;0.5
	40.0Gbps;0.5;2.0;0.5
	80.0Gbps;0.5;2.0;0.5
	160.0Gbps;0.5;2.0;0.5
	320.0Gbps;0.5;2.0;0.5
16;1;1>15
	10.0Gbps;0.5;2.0;0.5
	20.0Gbps;0.5;2.0;0.5
	40.0Gbps;0.5;2.0;0.5
	80.0Gbps;0.5;2.0;0.5
	160.0Gbps;0.5;2.0;0.5
	320.0Gbps;0.5;2.0;0.5
16;1;1>17
	10.0Gbps;0.5;2.0;0.5
	20.0Gbps;0.5;2.0;0.5
	40.0Gbps;0.5;2.0;0.5
	80.0Gbps;0.5;2.0;0.5
	160.0Gbps;0.5;2.0;0.5
	320.0Gbps;0.5;2.0;0.5
16;1;1>18
	10.0Gbps;0.5;2.0;0.5
	20.0Gbps;0.5;2.0;0.5
	40.0Gbps;0.5;2.0;0.5
	80.0Gbps;0.5;2.0;0.5
	160.0Gbps;0.5;2.0;0.5
	320.0Gbps;0.5;2.0;0.5
16;1;1>19
	10.0Gbps;0.5;2.0;0.5
	20.0Gbps;0.5;2.0;0.5
	40.0Gbps;0.5;2.0;0.5
	80.0Gbps;0.5;2.0;0.5
	160.0Gbps;0.5;2.0;0.5
	320.0Gbps;0.5;2.0;0.5
16;1;1>20
	10.0Gbps;0.5;2.0;0.5
	20.0Gbps;0.5;2.0;0.5
	40.0Gbps;0.5;2.0;0.5
	80.0Gbps;0.5;2.0;0.5
	160.0Gbps;0.5;2.0;0.5
	320.0Gbps;0.5;2.0;0.5
16;1;1>21
	10.0Gbps;0.5;2.0;0.5
	20.0Gbps;0.5;2.0;0.5
	40.0Gbps;0.5;2.0;0.5
	80.0Gbps;0.5;2.0;0.5
	160.0Gbps;0.5;2.0;0.5
	320.0Gbps;0.5;2.0;0.5
16;1;1>22
	10.0Gbps;0.5;2.0;0.5
	20.0Gbps;0.5;2.0;0.5
	40.0Gbps;0.5;2.0;0.5
	80.0Gbps;0.5;2.0;0.5
	160.0Gbps;0.5;2.0;0.5
	320.0Gbps;0.5;2.0;0.5
16;1;1>23
	10.0Gbps;0.5;2.0;0.5
	20.0Gbps;0.5;2.0;0.5
	40.0Gbps;0.5;2.0;0.5
	80.0Gbps;0.5;2.0;0.5
	160.0Gbps;0.5;2.0;0.5
	320.0Gbps;0.5;2.0;0.5
16;1;1>24
	10.0Gbps;0.5;2.0;0.5
	20.0Gbps;0.5;2.0;0.5
	40.0Gbps;0.5;2.0;0.5
	80.0Gbps;0.5;2.0;0.5
	160.0Gbps;0.5;2.0;0.5
	320.0Gbps;0.5;2.0;0.5
17;1;1>1
	10.0Gbps;0.5;2.0;0.5
	20.0Gbps;0.5;2.0;0.5
	40.0Gbps;0.5;2.0;0.5
	80.0Gbps;0.5;2.0;0.5
	160.0Gbps;0.5;2.0;0.5
	320.0Gbps;0.5;2.0;0.5
17;1;1>2
	10.0Gbps;0.5;2.0;0.5
	20.0Gbps;0.5;2.0;0.5
	40.0Gbps;0.5;2.0;0.5
	80.0Gbps;0.5;2.0;0.5
	160.0Gbps;0.5;2.0;0.5
	320.0Gbps;0.5;2.0;0.5
17;1;1>3
	10.0Gbps;0.5;2.0;0.5
	20.0Gbps;0.5;2.0;0.5
	40.0Gbps;0.5;2.0;0.5
	80.0Gbps;0.5;2.0;0.5
	160.0Gbps;0.5;2.0;0.5
	320.0Gbps;0.5;2.0;0.5
17;1;1>4
	10.0Gbps;0.5;2.0;0.5
	20.0Gbps;0.5;2.0;0.5
	40.0Gbps;0.5;2.0;0.5
	80.0Gbps;0.5;2.0;0.5
	160.0Gbps;0.5;2.0;0.5
	320.0Gbps;0.5;2.0;0.5
17;1;1>5
	10.0Gbps;0.5;2.0;0.5
	20.0Gbps;0.5;2.0;0.5
	40.0Gbps;0.5;2.0;0.5
	80.0Gbps;0.5;2.0;0.5
	160.0Gbps;0.5;2.0;0.5
	320.0Gbps;0.5;2.0;0.5
17;1;1>6
	10.0Gbps;0.5;2.0;0.5
	20.0Gbps;0.5;2.0;0.5
	40.0Gbps;0.5;2.0;0.5
	80.0Gbps;0.5;2.0;0.5
	160.0Gbps;0.5;2.0;0.5
	320.0Gbps;0.5;2.0;0.5
17;1;1>7
	10.0Gbps;0.5;2.0;0.5
	20.0Gbps;0.5;2.0;0.5
	40.0Gbps;0.5;2.0;0.5
	80.0Gbps;0.5;2.0;0.5
	160.0Gbps;0.5;2.0;0.5
	320.0Gbps;0.5;2.0;0.5
17;1;1>8
	10.0Gbps;0.5;2.0;0.5
	20.0Gbps;0.5;2.0;0.5
	40.0Gbps;0.5;2.0;0.5
	80.0Gbps;0.5;2.0;0.5
	160.0Gbps;0.5;2.0;0.5
	320.0Gbps;0.5;2.0;0.5
17;1;1>9
	10.0Gbps;0.5;2.0;0.5
	20.0Gbps;0.5;2.0;0.5
	40.0Gbps;0.5;2.0;0.5
	80.0Gbps;0.5;2.0;0.5
	160.0Gbps;0.5;2.0;0.5
	320.0Gbps;0.5;2.0;0.5
17;1;1>10
	10.0Gbps;0.5;2.0;0.5
	20.0Gbps;0.5;2.0;0.5
	40.0Gbps;0.5;2.0;0.5
	80.0Gbps;0.5;2.0;0.5
	160.0Gbps;0.5;2.0;0.5
	320.0Gbps;0.5;2.0;0.5
17;1;1>11
	10.0Gbps;0.5;2.0;0.5
	20.0Gbps;0.5;2.0;0.5
	40.0Gbps;0.5;2.0;0.5
	80.0Gbps;0.5;2.0;0.5
	160.0Gbps;0.5;2.0;0.5
	320.0Gbps;0.5;2.0;0.5
17;1;1>12
	10.0Gbps;0.5;2.0;0.5
	20.0Gbps;0.5;2.0;0.5
	40.0Gbps;0.5;2.0;0.5
	80.0Gbps;0.5;2.0;0.5
	160.0Gbps;0.5;2.0;0.5
	320.0Gbps;0.5;2.0;0.5
17;1;1>13
	10.0Gbps;0.5;2.0;0.5
	20.0Gbps;0.5;2.0;0.5
	40.0Gbps;0.5;2.0;0.5
	80.0Gbps;0.5;2.0;0.5
	160.0Gbps;0.5;2.0;0.5
	320.0Gbps;0.5;2.0;0.5
17;1;1>14
	10.0Gbps;0.5;2.0;0.5
	20.0Gbps;0.5;2.0;0.5
	40.0Gbps;0.5;2.0;0.5
	80.0Gbps;0.5;2.0;0.5
	160.0Gbps;0.5;2.0;0.5
	320.0Gbps;0.5;2.0;0.5
17;1;1>15
	10.0Gbps;0.5;2.0;0.5
	20.0Gbps;0.5;2.0;0.5
	40.0Gbps;0.5;2.0;0.5
	80.0Gbps;0.5;2.0;0.5
	160.0Gbps;0.5;2.0;0.5
	320.0Gbps;0.5;2.0;0.5
17;1;1>16
	10.0Gbps;0.5;2.0;0.5
	20.0Gbps;0.5;2.0;0.5
	40.0Gbps;0.5;2.0;0.5
	80.0Gbps;0.5;2.0;0.5
	160.0Gbps;0.5;2.0;0.5
	320.0Gbps;0.5;2.0;0.5
17;1;1>18
	10.0Gbps;0.5;2.0;0.5
	20.0Gbps;0.5;2.0;0.5
	40.0Gbps;0.5;2.0;0.5
	80.0Gbps;0.5;2.0;0.5
	160.0Gbps;0.5;2.0;0.5
	320.0Gbps;0.5;2.0;0.5
17;1;1>19
	10.0Gbps;0.5;2.0;0.5
	20.0Gbps;0.5;2.0;0.5
	40.0Gbps;0.5;2.0;0.5
	80.0Gbps;0.5;2.0;0.5
	160.0Gbps;0.5;2.0;0.5
	320.0Gbps;0.5;2.0;0.5
17;1;1>20
	10.0Gbps;0.5;2.0;0.5
	20.0Gbps;0.5;2.0;0.5
	40.0Gbps;0.5;2.0;0.5
	80.0Gbps;0.5;2.0;0.5
	160.0Gbps;0.5;2.0;0.5
	320.0Gbps;0.5;2.0;0.5
17;1;1>21
	10.0Gbps;0.5;2.0;0.5
	20.0Gbps;0.5;2.0;0.5
	40.0Gbps;0.5;2.0;0.5
	80.0Gbps;0.5;2.0;0.5
	160.0Gbps;0.5;2.0;0.5
	320.0Gbps;0.5;2.0;0.5
17;1;1>22
	10.0Gbps;0.5;2.0;0.5
	20.0Gbps;0.5;2.0;0.5
	40.0Gbps;0.5;2.0;0.5
	80.0Gbps;0.5;2.0;0.5
	160.0Gbps;0.5;2.0;0.5
	320.0Gbps;0.5;2.0;0.5
17;1;1>23
	10.0Gbps;0.5;2.0;0.5
	20.0Gbps;0.5;2.0;0.5
	40.0Gbps;0.5;2.0;0.5
	80.0Gbps;0.5;2.0;0.5
	160.0Gbps;0.5;2.0;0.5
	320.0Gbps;0.5;2.0;0.5
17;1;1>24
	10.0Gbps;0.5;2.0;0.5
	20.0Gbps;0.5;2.0;0.5
	40.0Gbps;0.5;2.0;0.5
	80.0Gbps;0.5;2.0;0.5
	160.0Gbps;0.5;2.0;0.5
	320.0Gbps;0.5;2.0;0.5
18;1;1>1
	10.0Gbps;0.5;2.0;0.5
	20.0Gbps;0.5;2.0;0.5
	40.0Gbps;0.5;2.0;0.5
	80.0Gbps;0.5;2.0;0.5
	160.0Gbps;0.5;2.0;0.5
	320.0Gbps;0.5;2.0;0.5
18;1;1>2
	10.0Gbps;0.5;2.0;0.5
	20.0Gbps;0.5;2.0;0.5
	40.0Gbps;0.5;2.0;0.5
	80.0Gbps;0.5;2.0;0.5
	160.0Gbps;0.5;2.0;0.5
	320.0Gbps;0.5;2.0;0.5
18;1;1>3
	10.0Gbps;0.5;2.0;0.5
	20.0Gbps;0.5;2.0;0.5
	40.0Gbps;0.5;2.0;0.5
	80.0Gbps;0.5;2.0;0.5
	160.0Gbps;0.5;2.0;0.5
	320.0Gbps;0.5;2.0;0.5
18;1;1>4
	10.0Gbps;0.5;2.0;0.5
	20.0Gbps;0.5;2.0;0.5
	40.0Gbps;0.5;2.0;0.5
	80.0Gbps;0.5;2.0;0.5
	160.0Gbps;0.5;2.0;0.5
	320.0Gbps;0.5;2.0;0.5
18;1;1>5
	10.0Gbps;0.5;2.0;0.5
	20.0Gbps;0.5;2.0;0.5
	40.0Gbps;0.5;2.0;0.5
	80.0Gbps;0.5;2.0;0.5
	160.0Gbps;0.5;2.0;0.5
	320.0Gbps;0.5;2.0;0.5
18;1;1>6
	10.0Gbps;0.5;2.0;0.5
	20.0Gbps;0.5;2.0;0.5
	40.0Gbps;0.5;2.0;0.5
	80.0Gbps;0.5;2.0;0.5
	160.0Gbps;0.5;2.0;0.5
	320.0Gbps;0.5;2.0;0.5
18;1;1>7
	10.0Gbps;0.5;2.0;0.5
	20.0Gbps;0.5;2.0;0.5
	40.0Gbps;0.5;2.0;0.5
	80.0Gbps;0.5;2.0;0.5
	160.0Gbps;0.5;2.0;0.5
	320.0Gbps;0.5;2.0;0.5
18;1;1>8
	10.0Gbps;0.5;2.0;0.5
	20.0Gbps;0.5;2.0;0.5
	40.0Gbps;0.5;2.0;0.5
	80.0Gbps;0.5;2.0;0.5
	160.0Gbps;0.5;2.0;0.5
	320.0Gbps;0.5;2.0;0.5
18;1;1>9
	10.0Gbps;0.5;2.0;0.5
	20.0Gbps;0.5;2.0;0.5
	40.0Gbps;0.5;2.0;0.5
	80.0Gbps;0.5;2.0;0.5
	160.0Gbps;0.5;2.0;0.5
	320.0Gbps;0.5;2.0;0.5
18;1;1>10
	10.0Gbps;0.5;2.0;0.5
	20.0Gbps;0.5;2.0;0.5
	40.0Gbps;0.5;2.0;0.5
	80.0Gbps;0.5;2.0;0.5
	160.0Gbps;0.5;2.0;0.5
	320.0Gbps;0.5;2.0;0.5
18;1;1>11
	10.0Gbps;0.5;2.0;0.5
	20.0Gbps;0.5;2.0;0.5
	40.0Gbps;0.5;2.0;0.5
	80.0Gbps;0.5;2.0;0.5
	160.0Gbps;0.5;2.0;0.5
	320.0Gbps;0.5;2.0;0.5
18;1;1>12
	10.0Gbps;0.5;2.0;0.5
	20.0Gbps;0.5;2.0;0.5
	40.0Gbps;0.5;2.0;0.5
	80.0Gbps;0.5;2.0;0.5
	160.0Gbps;0.5;2.0;0.5
	320.0Gbps;0.5;2.0;0.5
18;1;1>13
	10.0Gbps;0.5;2.0;0.5
	20.0Gbps;0.5;2.0;0.5
	40.0Gbps;0.5;2.0;0.5
	80.0Gbps;0.5;2.0;0.5
	160.0Gbps;0.5;2.0;0.5
	320.0Gbps;0.5;2.0;0.5
18;1;1>14
	10.0Gbps;0.5;2.0;0.5
	20.0Gbps;0.5;2.0;0.5
	40.0Gbps;0.5;2.0;0.5
	80.0Gbps;0.5;2.0;0.5
	160.0Gbps;0.5;2.0;0.5
	320.0Gbps;0.5;2.0;0.5
18;1;1>15
	10.0Gbps;0.5;2.0;0.5
	20.0Gbps;0.5;2.0;0.5
	40.0Gbps;0.5;2.0;0.5
	80.0Gbps;0.5;2.0;0.5
	160.0Gbps;0.5;2.0;0.5
	320.0Gbps;0.5;2.0;0.5
18;1;1>16
	10.0Gbps;0.5;2.0;0.5
	20.0Gbps;0.5;2.0;0.5
	40.0Gbps;0.5;2.0;0.5
	80.0Gbps;0.5;2.0;0.5
	160.0Gbps;0.5;2.0;0.5
	320.0Gbps;0.5;2.0;0.5
18;1;1>17
	10.0Gbps;0.5;2.0;0.5
	20.0Gbps;0.5;2.0;0.5
	40.0Gbps;0.5;2.0;0.5
	80.0Gbps;0.5;2.0;0.5
	160.0Gbps;0.5;2.0;0.5
	320.0Gbps;0.5;2.0;0.5
18;1;1>19
	10.0Gbps;0.5;2.0;0.5
	20.0Gbps;0.5;2.0;0.5
	40.0Gbps;0.5;2.0;0.5
	80.0Gbps;0.5;2.0;0.5
	160.0Gbps;0.5;2.0;0.5
	320.0Gbps;0.5;2.0;0.5
18;1;1>20
	10.0Gbps;0.5;2.0;0.5
	20.0Gbps;0.5;2.0;0.5
	40.0Gbps;0.5;2.0;0.5
	80.0Gbps;0.5;2.0;0.5
	160.0Gbps;0.5;2.0;0.5
	320.0Gbps;0.5;2.0;0.5
18;1;1>21
	10.0Gbps;0.5;2.0;0.5
	20.0Gbps;0.5;2.0;0.5
	40.0Gbps;0.5;2.0;0.5
	80.0Gbps;0.5;2.0;0.5
	160.0Gbps;0.5;2.0;0.5
	320.0Gbps;0.5;2.0;0.5
18;1;1>22
	10.0Gbps;0.5;2.0;0.5
	20.0Gbps;0.5;2.0;0.5
	40.0Gbps;0.5;2.0;0.5
	80.0Gbps;0.5;2.0;0.5
	160.0Gbps;0.5;2.0;0.5
	320.0Gbps;0.5;2.0;0.5
18;1;1>23
	10.0Gbps;0.5;2.0;0.5
	20.0Gbps;0.5;2.0;0.5
	40.0Gbps;0.5;2.0;0.5
	80.0Gbps;0.5;2.0;0.5
	160.0Gbps;0.5;2.0;0.5
	320.0Gbps;0.5;2.0;0.5
18;1;1>24
	10.0Gbps;0.5;2.0;0.5
	20.0Gbps;0.5;2.0;0.5
	40.0Gbps;0.5;2.0;0.5
	80.0Gbps;0.5;2.0;0.5
	160.0Gbps;0.5;2.0;0.5
	320.0Gbps;0.5;2.0;0.5
19;1;1>1
	10.0Gbps;0.5;2.0;0.5
	20.0Gbps;0.5;2.0;0.5
	40.0Gbps;0.5;2.0;0.5
	80.0Gbps;0.5;2.0;0.5
	160.0Gbps;0.5;2.0;0.5
	320.0Gbps;0.5;2.0;0.5
19;1;1>2
	10.0Gbps;0.5;2.0;0.5
	20.0Gbps;0.5;2.0;0.5
	40.0Gbps;0.5;2.0;0.5
	80.0Gbps;0.5;2.0;0.5
	160.0Gbps;0.5;2.0;0.5
	320.0Gbps;0.5;2.0;0.5
19;1;1>3
	10.0Gbps;0.5;2.0;0.5
	20.0Gbps;0.5;2.0;0.5
	40.0Gbps;0.5;2.0;0.5
	80.0Gbps;0.5;2.0;0.5
	160.0Gbps;0.5;2.0;0.5
	320.0Gbps;0.5;2.0;0.5
19;1;1>4
	10.0Gbps;0.5;2.0;0.5
	20.0Gbps;0.5;2.0;0.5
	40.0Gbps;0.5;2.0;0.5
	80.0Gbps;0.5;2.0;0.5
	160.0Gbps;0.5;2.0;0.5
	320.0Gbps;0.5;2.0;0.5
19;1;1>5
	10.0Gbps;0.5;2.0;0.5
	20.0Gbps;0.5;2.0;0.5
	40.0Gbps;0.5;2.0;0.5
	80.0Gbps;0.5;2.0;0.5
	160.0Gbps;0.5;2.0;0.5
	320.0Gbps;0.5;2.0;0.5
19;1;1>6
	10.0Gbps;0.5;2.0;0.5
	20.0Gbps;0.5;2.0;0.5
	40.0Gbps;0.5;2.0;0.5
	80.0Gbps;0.5;2.0;0.5
	160.0Gbps;0.5;2.0;0.5
	320.0Gbps;0.5;2.0;0.5
19;1;1>7
	10.0Gbps;0.5;2.0;0.5
	20.0Gbps;0.5;2.0;0.5
	40.0Gbps;0.5;2.0;0.5
	80.0Gbps;0.5;2.0;0.5
	160.0Gbps;0.5;2.0;0.5
	320.0Gbps;0.5;2.0;0.5
19;1;1>8
	10.0Gbps;0.5;2.0;0.5
	20.0Gbps;0.5;2.0;0.5
	40.0Gbps;0.5;2.0;0.5
	80.0Gbps;0.5;2.0;0.5
	160.0Gbps;0.5;2.0;0.5
	320.0Gbps;0.5;2.0;0.5
19;1;1>9
	10.0Gbps;0.5;2.0;0.5
	20.0Gbps;0.5;2.0;0.5
	40.0Gbps;0.5;2.0;0.5
	80.0Gbps;0.5;2.0;0.5
	160.0Gbps;0.5;2.0;0.5
	320.0Gbps;0.5;2.0;0.5
19;1;1>10
	10.0Gbps;0.5;2.0;0.5
	20.0Gbps;0.5;2.0;0.5
	40.0Gbps;0.5;2.0;0.5
	80.0Gbps;0.5;2.0;0.5
	160.0Gbps;0.5;2.0;0.5
	320.0Gbps;0.5;2.0;0.5
19;1;1>11
	10.0Gbps;0.5;2.0;0.5
	20.0Gbps;0.5;2.0;0.5
	40.0Gbps;0.5;2.0;0.5
	80.0Gbps;0.5;2.0;0.5
	160.0Gbps;0.5;2.0;0.5
	320.0Gbps;0.5;2.0;0.5
19;1;1>12
	10.0Gbps;0.5;2.0;0.5
	20.0Gbps;0.5;2.0;0.5
	40.0Gbps;0.5;2.0;0.5
	80.0Gbps;0.5;2.0;0.5
	160.0Gbps;0.5;2.0;0.5
	320.0Gbps;0.5;2.0;0.5
19;1;1>13
	10.0Gbps;0.5;2.0;0.5
	20.0Gbps;0.5;2.0;0.5
	40.0Gbps;0.5;2.0;0.5
	80.0Gbps;0.5;2.0;0.5
	160.0Gbps;0.5;2.0;0.5
	320.0Gbps;0.5;2.0;0.5
19;1;1>14
	10.0Gbps;0.5;2.0;0.5
	20.0Gbps;0.5;2.0;0.5
	40.0Gbps;0.5;2.0;0.5
	80.0Gbps;0.5;2.0;0.5
	160.0Gbps;0.5;2.0;0.5
	320.0Gbps;0.5;2.0;0.5
19;1;1>15
	10.0Gbps;0.5;2.0;0.5
	20.0Gbps;0.5;2.0;0.5
	40.0Gbps;0.5;2.0;0.5
	80.0Gbps;0.5;2.0;0.5
	160.0Gbps;0.5;2.0;0.5
	320.0Gbps;0.5;2.0;0.5
19;1;1>16
	10.0Gbps;0.5;2.0;0.5
	20.0Gbps;0.5;2.0;0.5
	40.0Gbps;0.5;2.0;0.5
	80.0Gbps;0.5;2.0;0.5
	160.0Gbps;0.5;2.0;0.5
	320.0Gbps;0.5;2.0;0.5
19;1;1>17
	10.0Gbps;0.5;2.0;0.5
	20.0Gbps;0.5;2.0;0.5
	40.0Gbps;0.5;2.0;0.5
	80.0Gbps;0.5;2.0;0.5
	160.0Gbps;0.5;2.0;0.5
	320.0Gbps;0.5;2.0;0.5
19;1;1>18
	10.0Gbps;0.5;2.0;0.5
	20.0Gbps;0.5;2.0;0.5
	40.0Gbps;0.5;2.0;0.5
	80.0Gbps;0.5;2.0;0.5
	160.0Gbps;0.5;2.0;0.5
	320.0Gbps;0.5;2.0;0.5
19;1;1>20
	10.0Gbps;0.5;2.0;0.5
	20.0Gbps;0.5;2.0;0.5
	40.0Gbps;0.5;2.0;0.5
	80.0Gbps;0.5;2.0;0.5
	160.0Gbps;0.5;2.0;0.5
	320.0Gbps;0.5;2.0;0.5
19;1;1>21
	10.0Gbps;0.5;2.0;0.5
	20.0Gbps;0.5;2.0;0.5
	40.0Gbps;0.5;2.0;0.5
	80.0Gbps;0.5;2.0;0.5
	160.0Gbps;0.5;2.0;0.5
	320.0Gbps;0.5;2.0;0.5
19;1;1>22
	10.0Gbps;0.5;2.0;0.5
	20.0Gbps;0.5;2.0;0.5
	40.0Gbps;0.5;2.0;0.5
	80.0Gbps;0.5;2.0;0.5
	160.0Gbps;0.5;2.0;0.5
	320.0Gbps;0.5;2.0;0.5
19;1;1>23
	10.0Gbps;0.5;2.0;0.5
	20.0Gbps;0.5;2.0;0.5
	40.0Gbps;0.5;2.0;0.5
	80.0Gbps;0.5;2.0;0.5
	160.0Gbps;0.5;2.0;0.5
	320.0Gbps;0.5;2.0;0.5
19;1;1>24
	10.0Gbps;0.5;2.0;0.5
	20.0Gbps;0.5;2.0;0.5
	40.0Gbps;0.5;2.0;0.5
	80.0Gbps;0.5;2.0;0.5
	160.0Gbps;0.5;2.0;0.5
	320.0Gbps;0.5;2.0;0.5
20;1;1>1
	10.0Gbps;0.5;2.0;0.5
	20.0Gbps;0.5;2.0;0.5
	40.0Gbps;0.5;2.0;0.5
	80.0Gbps;0.5;2.0;0.5
	160.0Gbps;0.5;2.0;0.5
	320.0Gbps;0.5;2.0;0.5
20;1;1>2
	10.0Gbps;0.5;2.0;0.5
	20.0Gbps;0.5;2.0;0.5
	40.0Gbps;0.5;2.0;0.5
	80.0Gbps;0.5;2.0;0.5
	160.0Gbps;0.5;2.0;0.5
	320.0Gbps;0.5;2.0;0.5
20;1;1>3
	10.0Gbps;0.5;2.0;0.5
	20.0Gbps;0.5;2.0;0.5
	40.0Gbps;0.5;2.0;0.5
	80.0Gbps;0.5;2.0;0.5
	160.0Gbps;0.5;2.0;0.5
	320.0Gbps;0.5;2.0;0.5
20;1;1>4
	10.0Gbps;0.5;2.0;0.5
	20.0Gbps;0.5;2.0;0.5
	40.0Gbps;0.5;2.0;0.5
	80.0Gbps;0.5;2.0;0.5
	160.0Gbps;0.5;2.0;0.5
	320.0Gbps;0.5;2.0;0.5
20;1;1>5
	10.0Gbps;0.5;2.0;0.5
	20.0Gbps;0.5;2.0;0.5
	40.0Gbps;0.5;2.0;0.5
	80.0Gbps;0.5;2.0;0.5
	160.0Gbps;0.5;2.0;0.5
	320.0Gbps;0.5;2.0;0.5
20;1;1>6
	10.0Gbps;0.5;2.0;0.5
	20.0Gbps;0.5;2.0;0.5
	40.0Gbps;0.5;2.0;0.5
	80.0Gbps;0.5;2.0;0.5
	160.0Gbps;0.5;2.0;0.5
	320.0Gbps;0.5;2.0;0.5
20;1;1>7
	10.0Gbps;0.5;2.0;0.5
	20.0Gbps;0.5;2.0;0.5
	40.0Gbps;0.5;2.0;0.5
	80.0Gbps;0.5;2.0;0.5
	160.0Gbps;0.5;2.0;0.5
	320.0Gbps;0.5;2.0;0.5
20;1;1>8
	10.0Gbps;0.5;2.0;0.5
	20.0Gbps;0.5;2.0;0.5
	40.0Gbps;0.5;2.0;0.5
	80.0Gbps;0.5;2.0;0.5
	160.0Gbps;0.5;2.0;0.5
	320.0Gbps;0.5;2.0;0.5
20;1;1>9
	10.0Gbps;0.5;2.0;0.5
	20.0Gbps;0.5;2.0;0.5
	40.0Gbps;0.5;2.0;0.5
	80.0Gbps;0.5;2.0;0.5
	160.0Gbps;0.5;2.0;0.5
	320.0Gbps;0.5;2.0;0.5
20;1;1>10
	10.0Gbps;0.5;2.0;0.5
	20.0Gbps;0.5;2.0;0.5
	40.0Gbps;0.5;2.0;0.5
	80.0Gbps;0.5;2.0;0.5
	160.0Gbps;0.5;2.0;0.5
	320.0Gbps;0.5;2.0;0.5
20;1;1>11
	10.0Gbps;0.5;2.0;0.5
	20.0Gbps;0.5;2.0;0.5
	40.0Gbps;0.5;2.0;0.5
	80.0Gbps;0.5;2.0;0.5
	160.0Gbps;0.5;2.0;0.5
	320.0Gbps;0.5;2.0;0.5
20;1;1>12
	10.0Gbps;0.5;2.0;0.5
	20.0Gbps;0.5;2.0;0.5
	40.0Gbps;0.5;2.0;0.5
	80.0Gbps;0.5;2.0;0.5
	160.0Gbps;0.5;2.0;0.5
	320.0Gbps;0.5;2.0;0.5
20;1;1>13
	10.0Gbps;0.5;2.0;0.5
	20.0Gbps;0.5;2.0;0.5
	40.0Gbps;0.5;2.0;0.5
	80.0Gbps;0.5;2.0;0.5
	160.0Gbps;0.5;2.0;0.5
	320.0Gbps;0.5;2.0;0.5
20;1;1>14
	10.0Gbps;0.5;2.0;0.5
	20.0Gbps;0.5;2.0;0.5
	40.0Gbps;0.5;2.0;0.5
	80.0Gbps;0.5;2.0;0.5
	160.0Gbps;0.5;2.0;0.5
	320.0Gbps;0.5;2.0;0.5
20;1;1>15
	10.0Gbps;0.5;2.0;0.5
	20.0Gbps;0.5;2.0;0.5
	40.0Gbps;0.5;2.0;0.5
	80.0Gbps;0.5;2.0;0.5
	160.0Gbps;0.5;2.0;0.5
	320.0Gbps;0.5;2.0;0.5
20;1;1>16
	10.0Gbps;0.5;2.0;0.5
	20.0Gbps;0.5;2.0;0.5
	40.0Gbps;0.5;2.0;0.5
	80.0Gbps;0.5;2.0;0.5
	160.0Gbps;0.5;2.0;0.5
	320.0Gbps;0.5;2.0;0.5
20;1;1>17
	10.0Gbps;0.5;2.0;0.5
	20.0Gbps;0.5;2.0;0.5
	40.0Gbps;0.5;2.0;0.5
	80.0Gbps;0.5;2.0;0.5
	160.0Gbps;0.5;2.0;0.5
	320.0Gbps;0.5;2.0;0.5
20;1;1>18
	10.0Gbps;0.5;2.0;0.5
	20.0Gbps;0.5;2.0;0.5
	40.0Gbps;0.5;2.0;0.5
	80.0Gbps;0.5;2.0;0.5
	160.0Gbps;0.5;2.0;0.5
	320.0Gbps;0.5;2.0;0.5
20;1;1>19
	10.0Gbps;0.5;2.0;0.5
	20.0Gbps;0.5;2.0;0.5
	40.0Gbps;0.5;2.0;0.5
	80.0Gbps;0.5;2.0;0.5
	160.0Gbps;0.5;2.0;0.5
	320.0Gbps;0.5;2.0;0.5
20;1;1>21
	10.0Gbps;0.5;2.0;0.5
	20.0Gbps;0.5;2.0;0.5
	40.0Gbps;0.5;2.0;0.5
	80.0Gbps;0.5;2.0;0.5
	160.0Gbps;0.5;2.0;0.5
	320.0Gbps;0.5;2.0;0.5
20;1;1>22
	10.0Gbps;0.5;2.0;0.5
	20.0Gbps;0.5;2.0;0.5
	40.0Gbps;0.5;2.0;0.5
	80.0Gbps;0.5;2.0;0.5
	160.0Gbps;0.5;2.0;0.5
	320.0Gbps;0.5;2.0;0.5
20;1;1>23
	10.0Gbps;0.5;2.0;0.5
	20.0Gbps;0.5;2.0;0.5
	40.0Gbps;0.5;2.0;0.5
	80.0Gbps;0.5;2.0;0.5
	160.0Gbps;0.5;2.0;0.5
	320.0Gbps;0.5;2.0;0.5
20;1;1>24
	10.0Gbps;0.5;2.0;0.5
	20.0Gbps;0.5;2.0;0.5
	40.0Gbps;0.5;2.0;0.5
	80.0Gbps;0.5;2.0;0.5
	160.0Gbps;0.5;2.0;0.5
	320.0Gbps;0.5;2.0;0.5
21;1;1>1
	10.0Gbps;0.5;2.0;0.5
	20.0Gbps;0.5;2.0;0.5
	40.0Gbps;0.5;2.0;0.5
	80.0Gbps;0.5;2.0;0.5
	160.0Gbps;0.5;2.0;0.5
	320.0Gbps;0.5;2.0;0.5
21;1;1>2
	10.0Gbps;0.5;2.0;0.5
	20.0Gbps;0.5;2.0;0.5
	40.0Gbps;0.5;2.0;0.5
	80.0Gbps;0.5;2.0;0.5
	160.0Gbps;0.5;2.0;0.5
	320.0Gbps;0.5;2.0;0.5
21;1;1>3
	10.0Gbps;0.5;2.0;0.5
	20.0Gbps;0.5;2.0;0.5
	40.0Gbps;0.5;2.0;0.5
	80.0Gbps;0.5;2.0;0.5
	160.0Gbps;0.5;2.0;0.5
	320.0Gbps;0.5;2.0;0.5
21;1;1>4
	10.0Gbps;0.5;2.0;0.5
	20.0Gbps;0.5;2.0;0.5
	40.0Gbps;0.5;2.0;0.5
	80.0Gbps;0.5;2.0;0.5
	160.0Gbps;0.5;2.0;0.5
	320.0Gbps;0.5;2.0;0.5
21;1;1>5
	10.0Gbps;0.5;2.0;0.5
	20.0Gbps;0.5;2.0;0.5
	40.0Gbps;0.5;2.0;0.5
	80.0Gbps;0.5;2.0;0.5
	160.0Gbps;0.5;2.0;0.5
	320.0Gbps;0.5;2.0;0.5
21;1;1>6
	10.0Gbps;0.5;2.0;0.5
	20.0Gbps;0.5;2.0;0.5
	40.0Gbps;0.5;2.0;0.5
	80.0Gbps;0.5;2.0;0.5
	160.0Gbps;0.5;2.0;0.5
	320.0Gbps;0.5;2.0;0.5
21;1;1>7
	10.0Gbps;0.5;2.0;0.5
	20.0Gbps;0.5;2.0;0.5
	40.0Gbps;0.5;2.0;0.5
	80.0Gbps;0.5;2.0;0.5
	160.0Gbps;0.5;2.0;0.5
	320.0Gbps;0.5;2.0;0.5
21;1;1>8
	10.0Gbps;0.5;2.0;0.5
	20.0Gbps;0.5;2.0;0.5
	40.0Gbps;0.5;2.0;0.5
	80.0Gbps;0.5;2.0;0.5
	160.0Gbps;0.5;2.0;0.5
	320.0Gbps;0.5;2.0;0.5
21;1;1>9
	10.0Gbps;0.5;2.0;0.5
	20.0Gbps;0.5;2.0;0.5
	40.0Gbps;0.5;2.0;0.5
	80.0Gbps;0.5;2.0;0.5
	160.0Gbps;0.5;2.0;0.5
	320.0Gbps;0.5;2.0;0.5
21;1;1>10
	10.0Gbps;0.5;2.0;0.5
	20.0Gbps;0.5;2.0;0.5
	40.0Gbps;0.5;2.0;0.5
	80.0Gbps;0.5;2.0;0.5
	160.0Gbps;0.5;2.0;0.5
	320.0Gbps;0.5;2.0;0.5
21;1;1>11
	10.0Gbps;0.5;2.0;0.5
	20.0Gbps;0.5;2.0;0.5
	40.0Gbps;0.5;2.0;0.5
	80.0Gbps;0.5;2.0;0.5
	160.0Gbps;0.5;2.0;0.5
	320.0Gbps;0.5;2.0;0.5
21;1;1>12
	10.0Gbps;0.5;2.0;0.5
	20.0Gbps;0.5;2.0;0.5
	40.0Gbps;0.5;2.0;0.5
	80.0Gbps;0.5;2.0;0.5
	160.0Gbps;0.5;2.0;0.5
	320.0Gbps;0.5;2.0;0.5
21;1;1>13
	10.0Gbps;0.5;2.0;0.5
	20.0Gbps;0.5;2.0;0.5
	40.0Gbps;0.5;2.0;0.5
	80.0Gbps;0.5;2.0;0.5
	160.0Gbps;0.5;2.0;0.5
	320.0Gbps;0.5;2.0;0.5
21;1;1>14
	10.0Gbps;0.5;2.0;0.5
	20.0Gbps;0.5;2.0;0.5
	40.0Gbps;0.5;2.0;0.5
	80.0Gbps;0.5;2.0;0.5
	160.0Gbps;0.5;2.0;0.5
	320.0Gbps;0.5;2.0;0.5
21;1;1>15
	10.0Gbps;0.5;2.0;0.5
	20.0Gbps;0.5;2.0;0.5
	40.0Gbps;0.5;2.0;0.5
	80.0Gbps;0.5;2.0;0.5
	160.0Gbps;0.5;2.0;0.5
	320.0Gbps;0.5;2.0;0.5
21;1;1>16
	10.0Gbps;0.5;2.0;0.5
	20.0Gbps;0.5;2.0;0.5
	40.0Gbps;0.5;2.0;0.5
	80.0Gbps;0.5;2.0;0.5
	160.0Gbps;0.5;2.0;0.5
	320.0Gbps;0.5;2.0;0.5
21;1;1>17
	10.0Gbps;0.5;2.0;0.5
	20.0Gbps;0.5;2.0;0.5
	40.0Gbps;0.5;2.0;0.5
	80.0Gbps;0.5;2.0;0.5
	160.0Gbps;0.5;2.0;0.5
	320.0Gbps;0.5;2.0;0.5
21;1;1>18
	10.0Gbps;0.5;2.0;0.5
	20.0Gbps;0.5;2.0;0.5
	40.0Gbps;0.5;2.0;0.5
	80.0Gbps;0.5;2.0;0.5
	160.0Gbps;0.5;2.0;0.5
	320.0Gbps;0.5;2.0;0.5
21;1;1>19
	10.0Gbps;0.5;2.0;0.5
	20.0Gbps;0.5;2.0;0.5
	40.0Gbps;0.5;2.0;0.5
	80.0Gbps;0.5;2.0;0.5
	160.0Gbps;0.5;2.0;0.5
	320.0Gbps;0.5;2.0;0.5
21;1;1>20
	10.0Gbps;0.5;2.0;0.5
	20.0Gbps;0.5;2.0;0.5
	40.0Gbps;0.5;2.0;0.5
	80.0Gbps;0.5;2.0;0.5
	160.0Gbps;0.5;2.0;0.5
	320.0Gbps;0.5;2.0;0.5
21;1;1>22
	10.0Gbps;0.5;2.0;0.5
	20.0Gbps;0.5;2.0;0.5
	40.0Gbps;0.5;2.0;0.5
	80.0Gbps;0.5;2.0;0.5
	160.0Gbps;0.5;2.0;0.5
	320.0Gbps;0.5;2.0;0.5
21;1;1>23
	10.0Gbps;0.5;2.0;0.5
	20.0Gbps;0.5;2.0;0.5
	40.0Gbps;0.5;2.0;0.5
	80.0Gbps;0.5;2.0;0.5
	160.0Gbps;0.5;2.0;0.5
	320.0Gbps;0.5;2.0;0.5
21;1;1>24
	10.0Gbps;0.5;2.0;0.5
	20.0Gbps;0.5;2.0;0.5
	40.0Gbps;0.5;2.0;0.5
	80.0Gbps;0.5;2.0;0.5
	160.0Gbps;0.5;2.0;0.5
	320.0Gbps;0.5;2.0;0.5
22;1;1>1
	10.0Gbps;0.5;2.0;0.5
	20.0Gbps;0.5;2.0;0.5
	40.0Gbps;0.5;2.0;0.5
	80.0Gbps;0.5;2.0;0.5
	160.0Gbps;0.5;2.0;0.5
	320.0Gbps;0.5;2.0;0.5
22;1;1>2
	10.0Gbps;0.5;2.0;0.5
	20.0Gbps;0.5;2.0;0.5
	40.0Gbps;0.5;2.0;0.5
	80.0Gbps;0.5;2.0;0.5
	160.0Gbps;0.5;2.0;0.5
	320.0Gbps;0.5;2.0;0.5
22;1;1>3
	10.0Gbps;0.5;2.0;0.5
	20.0Gbps;0.5;2.0;0.5
	40.0Gbps;0.5;2.0;0.5
	80.0Gbps;0.5;2.0;0.5
	160.0Gbps;0.5;2.0;0.5
	320.0Gbps;0.5;2.0;0.5
22;1;1>4
	10.0Gbps;0.5;2.0;0.5
	20.0Gbps;0.5;2.0;0.5
	40.0Gbps;0.5;2.0;0.5
	80.0Gbps;0.5;2.0;0.5
	160.0Gbps;0.5;2.0;0.5
	320.0Gbps;0.5;2.0;0.5
22;1;1>5
	10.0Gbps;0.5;2.0;0.5
	20.0Gbps;0.5;2.0;0.5
	40.0Gbps;0.5;2.0;0.5
	80.0Gbps;0.5;2.0;0.5
	160.0Gbps;0.5;2.0;0.5
	320.0Gbps;0.5;2.0;0.5
22;1;1>6
	10.0Gbps;0.5;2.0;0.5
	20.0Gbps;0.5;2.0;0.5
	40.0Gbps;0.5;2.0;0.5
	80.0Gbps;0.5;2.0;0.5
	160.0Gbps;0.5;2.0;0.5
	320.0Gbps;0.5;2.0;0.5
22;1;1>7
	10.0Gbps;0.5;2.0;0.5
	20.0Gbps;0.5;2.0;0.5
	40.0Gbps;0.5;2.0;0.5
	80.0Gbps;0.5;2.0;0.5
	160.0Gbps;0.5;2.0;0.5
	320.0Gbps;0.5;2.0;0.5
22;1;1>8
	10.0Gbps;0.5;2.0;0.5
	20.0Gbps;0.5;2.0;0.5
	40.0Gbps;0.5;2.0;0.5
	80.0Gbps;0.5;2.0;0.5
	160.0Gbps;0.5;2.0;0.5
	320.0Gbps;0.5;2.0;0.5
22;1;1>9
	10.0Gbps;0.5;2.0;0.5
	20.0Gbps;0.5;2.0;0.5
	40.0Gbps;0.5;2.0;0.5
	80.0Gbps;0.5;2.0;0.5
	160.0Gbps;0.5;2.0;0.5
	320.0Gbps;0.5;2.0;0.5
22;1;1>10
	10.0Gbps;0.5;2.0;0.5
	20.0Gbps;0.5;2.0;0.5
	40.0Gbps;0.5;2.0;0.5
	80.0Gbps;0.5;2.0;0.5
	160.0Gbps;0.5;2.0;0.5
	320.0Gbps;0.5;2.0;0.5
22;1;1>11
	10.0Gbps;0.5;2.0;0.5
	20.0Gbps;0.5;2.0;0.5
	40.0Gbps;0.5;2.0;0.5
	80.0Gbps;0.5;2.0;0.5
	160.0Gbps;0.5;2.0;0.5
	320.0Gbps;0.5;2.0;0.5
22;1;1>12
	10.0Gbps;0.5;2.0;0.5
	20.0Gbps;0.5;2.0;0.5
	40.0Gbps;0.5;2.0;0.5
	80.0Gbps;0.5;2.0;0.5
	160.0Gbps;0.5;2.0;0.5
	320.0Gbps;0.5;2.0;0.5
22;1;1>13
	10.0Gbps;0.5;2.0;0.5
	20.0Gbps;0.5;2.0;0.5
	40.0Gbps;0.5;2.0;0.5
	80.0Gbps;0.5;2.0;0.5
	160.0Gbps;0.5;2.0;0.5
	320.0Gbps;0.5;2.0;0.5
22;1;1>14
	10.0Gbps;0.5;2.0;0.5
	20.0Gbps;0.5;2.0;0.5
	40.0Gbps;0.5;2.0;0.5
	80.0Gbps;0.5;2.0;0.5
	160.0Gbps;0.5;2.0;0.5
	320.0Gbps;0.5;2.0;0.5
22;1;1>15
	10.0Gbps;0.5;2.0;0.5
	20.0Gbps;0.5;2.0;0.5
	40.0Gbps;0.5;2.0;0.5
	80.0Gbps;0.5;2.0;0.5
	160.0Gbps;0.5;2.0;0.5
	320.0Gbps;0.5;2.0;0.5
22;1;1>16
	10.0Gbps;0.5;2.0;0.5
	20.0Gbps;0.5;2.0;0.5
	40.0Gbps;0.5;2.0;0.5
	80.0Gbps;0.5;2.0;0.5
	160.0Gbps;0.5;2.0;0.5
	320.0Gbps;0.5;2.0;0.5
22;1;1>17
	10.0Gbps;0.5;2.0;0.5
	20.0Gbps;0.5;2.0;0.5
	40.0Gbps;0.5;2.0;0.5
	80.0Gbps;0.5;2.0;0.5
	160.0Gbps;0.5;2.0;0.5
	320.0Gbps;0.5;2.0;0.5
22;1;1>18
	10.0Gbps;0.5;2.0;0.5
	20.0Gbps;0.5;2.0;0.5
	40.0Gbps;0.5;2.0;0.5
	80.0Gbps;0.5;2.0;0.5
	160.0Gbps;0.5;2.0;0.5
	320.0Gbps;0.5;2.0;0.5
22;1;1>19
	10.0Gbps;0.5;2.0;0.5
	20.0Gbps;0.5;2.0;0.5
	40.0Gbps;0.5;2.0;0.5
	80.0Gbps;0.5;2.0;0.5
	160.0Gbps;0.5;2.0;0.5
	320.0Gbps;0.5;2.0;0.5
22;1;1>20
	10.0Gbps;0.5;2.0;0.5
	20.0Gbps;0.5;2.0;0.5
	40.0Gbps;0.5;2.0;0.5
	80.0Gbps;0.5;2.0;0.5
	160.0Gbps;0.5;2.0;0.5
	320.0Gbps;0.5;2.0;0.5
22;1;1>21
	10.0Gbps;0.5;2.0;0.5
	20.0Gbps;0.5;2.0;0.5
	40.0Gbps;0.5;2.0;0.5
	80.0Gbps;0.5;2.0;0.5
	160.0Gbps;0.5;2.0;0.5
	320.0Gbps;0.5;2.0;0.5
22;1;1>23
	10.0Gbps;0.5;2.0;0.5
	20.0Gbps;0.5;2.0;0.5
	40.0Gbps;0.5;2.0;0.5
	80.0Gbps;0.5;2.0;0.5
	160.0Gbps;0.5;2.0;0.5
	320.0Gbps;0.5;2.0;0.5
22;1;1>24
	10.0Gbps;0.5;2.0;0.5
	20.0Gbps;0.5;2.0;0.5
	40.0Gbps;0.5;2.0;0.5
	80.0Gbps;0.5;2.0;0.5
	160.0Gbps;0.5;2.0;0.5
	320.0Gbps;0.5;2.0;0.5
23;1;1>1
	10.0Gbps;0.5;2.0;0.5
	20.0Gbps;0.5;2.0;0.5
	40.0Gbps;0.5;2.0;0.5
	80.0Gbps;0.5;2.0;0.5
	160.0Gbps;0.5;2.0;0.5
	320.0Gbps;0.5;2.0;0.5
23;1;1>2
	10.0Gbps;0.5;2.0;0.5
	20.0Gbps;0.5;2.0;0.5
	40.0Gbps;0.5;2.0;0.5
	80.0Gbps;0.5;2.0;0.5
	160.0Gbps;0.5;2.0;0.5
	320.0Gbps;0.5;2.0;0.5
23;1;1>3
	10.0Gbps;0.5;2.0;0.5
	20.0Gbps;0.5;2.0;0.5
	40.0Gbps;0.5;2.0;0.5
	80.0Gbps;0.5;2.0;0.5
	160.0Gbps;0.5;2.0;0.5
	320.0Gbps;0.5;2.0;0.5
23;1;1>4
	10.0Gbps;0.5;2.0;0.5
	20.0Gbps;0.5;2.0;0.5
	40.0Gbps;0.5;2.0;0.5
	80.0Gbps;0.5;2.0;0.5
	160.0Gbps;0.5;2.0;0.5
	320.0Gbps;0.5;2.0;0.5
23;1;1>5
	10.0Gbps;0.5;2.0;0.5
	20.0Gbps;0.5;2.0;0.5
	40.0Gbps;0.5;2.0;0.5
	80.0Gbps;0.5;2.0;0.5
	160.0Gbps;0.5;2.0;0.5
	320.0Gbps;0.5;2.0;0.5
23;1;1>6
	10.0Gbps;0.5;2.0;0.5
	20.0Gbps;0.5;2.0;0.5
	40.0Gbps;0.5;2.0;0.5
	80.0Gbps;0.5;2.0;0.5
	160.0Gbps;0.5;2.0;0.5
	320.0Gbps;0.5;2.0;0.5
23;1;1>7
	10.0Gbps;0.5;2.0;0.5
	20.0Gbps;0.5;2.0;0.5
	40.0Gbps;0.5;2.0;0.5
	80.0Gbps;0.5;2.0;0.5
	160.0Gbps;0.5;2.0;0.5
	320.0Gbps;0.5;2.0;0.5
23;1;1>8
	10.0Gbps;0.5;2.0;0.5
	20.0Gbps;0.5;2.0;0.5
	40.0Gbps;0.5;2.0;0.5
	80.0Gbps;0.5;2.0;0.5
	160.0Gbps;0.5;2.0;0.5
	320.0Gbps;0.5;2.0;0.5
23;1;1>9
	10.0Gbps;0.5;2.0;0.5
	20.0Gbps;0.5;2.0;0.5
	40.0Gbps;0.5;2.0;0.5
	80.0Gbps;0.5;2.0;0.5
	160.0Gbps;0.5;2.0;0.5
	320.0Gbps;0.5;2.0;0.5
23;1;1>10
	10.0Gbps;0.5;2.0;0.5
	20.0Gbps;0.5;2.0;0.5
	40.0Gbps;0.5;2.0;0.5
	80.0Gbps;0.5;2.0;0.5
	160.0Gbps;0.5;2.0;0.5
	320.0Gbps;0.5;2.0;0.5
23;1;1>11
	10.0Gbps;0.5;2.0;0.5
	20.0Gbps;0.5;2.0;0.5
	40.0Gbps;0.5;2.0;0.5
	80.0Gbps;0.5;2.0;0.5
	160.0Gbps;0.5;2.0;0.5
	320.0Gbps;0.5;2.0;0.5
23;1;1>12
	10.0Gbps;0.5;2.0;0.5
	20.0Gbps;0.5;2.0;0.5
	40.0Gbps;0.5;2.0;0.5
	80.0Gbps;0.5;2.0;0.5
	160.0Gbps;0.5;2.0;0.5
	320.0Gbps;0.5;2.0;0.5
23;1;1>13
	10.0Gbps;0.5;2.0;0.5
	20.0Gbps;0.5;2.0;0.5
	40.0Gbps;0.5;2.0;0.5
	80.0Gbps;0.5;2.0;0.5
	160.0Gbps;0.5;2.0;0.5
	320.0Gbps;0.5;2.0;0.5
23;1;1>14
	10.0Gbps;0.5;2.0;0.5
	20.0Gbps;0.5;2.0;0.5
	40.0Gbps;0.5;2.0;0.5
	80.0Gbps;0.5;2.0;0.5
	160.0Gbps;0.5;2.0;0.5
	320.0Gbps;0.5;2.0;0.5
23;1;1>15
	10.0Gbps;0.5;2.0;0.5
	20.0Gbps;0.5;2.0;0.5
	40.0Gbps;0.5;2.0;0.5
	80.0Gbps;0.5;2.0;0.5
	160.0Gbps;0.5;2.0;0.5
	320.0Gbps;0.5;2.0;0.5
23;1;1>16
	10.0Gbps;0.5;2.0;0.5
	20.0Gbps;0.5;2.0;0.5
	40.0Gbps;0.5;2.0;0.5
	80.0Gbps;0.5;2.0;0.5
	160.0Gbps;0.5;2.0;0.5
	320.0Gbps;0.5;2.0;0.5
23;1;1>17
	10.0Gbps;0.5;2.0;0.5
	20.0Gbps;0.5;2.0;0.5
	40.0Gbps;0.5;2.0;0.5
	80.0Gbps;0.5;2.0;0.5
	160.0Gbps;0.5;2.0;0.5
	320.0Gbps;0.5;2.0;0.5
23;1;1>18
	10.0Gbps;0.5;2.0;0.5
	20.0Gbps;0.5;2.0;0.5
	40.0Gbps;0.5;2.0;0.5
	80.0Gbps;0.5;2.0;0.5
	160.0Gbps;0.5;2.0;0.5
	320.0Gbps;0.5;2.0;0.5
23;1;1>19
	10.0Gbps;0.5;2.0;0.5
	20.0Gbps;0.5;2.0;0.5
	40.0Gbps;0.5;2.0;0.5
	80.0Gbps;0.5;2.0;0.5
	160.0Gbps;0.5;2.0;0.5
	320.0Gbps;0.5;2.0;0.5
23;1;1>20
	10.0Gbps;0.5;2.0;0.5
	20.0Gbps;0.5;2.0;0.5
	40.0Gbps;0.5;2.0;0.5
	80.0Gbps;0.5;2.0;0.5
	160.0Gbps;0.5;2.0;0.5
	320.0Gbps;0.5;2.0;0.5
23;1;1>21
	10.0Gbps;0.5;2.0;0.5
	20.0Gbps;0.5;2.0;0.5
	40.0Gbps;0.5;2.0;0.5
	80.0Gbps;0.5;2.0;0.5
	160.0Gbps;0.5;2.0;0.5
	320.0Gbps;0.5;2.0;0.5
23;1;1>22
	10.0Gbps;0.5;2.0;0.5
	20.0Gbps;0.5;2.0;0.5
	40.0Gbps;0.5;2.0;0.5
	80.0Gbps;0.5;2.0;0.5
	160.0Gbps;0.5;2.0;0.5
	320.0Gbps;0.5;2.0;0.5
23;1;1>24
	10.0Gbps;0.5;2.0;0.5
	20.0Gbps;0.5;2.0;0.5
	40.0Gbps;0.5;2.0;0.5
	80.0Gbps;0.5;2.0;0.5
	160.0Gbps;0.5;2.0;0.5
	320.0Gbps;0.5;2.0;0.5
24;1;1>1
	10.0Gbps;0.5;2.0;0.5
	20.0Gbps;0.5;2.0;0.5
	40.0Gbps;0.5;2.0;0.5
	80.0Gbps;0.5;2.0;0.5
	160.0Gbps;0.5;2.0;0.5
	320.0Gbps;0.5;2.0;0.5
24;1;1>2
	10.0Gbps;0.5;2.0;0.5
	20.0Gbps;0.5;2.0;0.5
	40.0Gbps;0.5;2.0;0.5
	80.0Gbps;0.5;2.0;0.5
	160.0Gbps;0.5;2.0;0.5
	320.0Gbps;0.5;2.0;0.5
24;1;1>3
	10.0Gbps;0.5;2.0;0.5
	20.0Gbps;0.5;2.0;0.5
	40.0Gbps;0.5;2.0;0.5
	80.0Gbps;0.5;2.0;0.5
	160.0Gbps;0.5;2.0;0.5
	320.0Gbps;0.5;2.0;0.5
24;1;1>4
	10.0Gbps;0.5;2.0;0.5
	20.0Gbps;0.5;2.0;0.5
	40.0Gbps;0.5;2.0;0.5
	80.0Gbps;0.5;2.0;0.5
	160.0Gbps;0.5;2.0;0.5
	320.0Gbps;0.5;2.0;0.5
24;1;1>5
	10.0Gbps;0.5;2.0;0.5
	20.0Gbps;0.5;2.0;0.5
	40.0Gbps;0.5;2.0;0.5
	80.0Gbps;0.5;2.0;0.5
	160.0Gbps;0.5;2.0;0.5
	320.0Gbps;0.5;2.0;0.5
24;1;1>6
	10.0Gbps;0.5;2.0;0.5
	20.0Gbps;0.5;2.0;0.5
	40.0Gbps;0.5;2.0;0.5
	80.0Gbps;0.5;2.0;0.5
	160.0Gbps;0.5;2.0;0.5
	320.0Gbps;0.5;2.0;0.5
24;1;1>7
	10.0Gbps;0.5;2.0;0.5
	20.0Gbps;0.5;2.0;0.5
	40.0Gbps;0.5;2.0;0.5
	80.0Gbps;0.5;2.0;0.5
	160.0Gbps;0.5;2.0;0.5
	320.0Gbps;0.5;2.0;0.5
24;1;1>8
	10.0Gbps;0.5;2.0;0.5
	20.0Gbps;0.5;2.0;0.5
	40.0Gbps;0.5;2.0;0.5
	80.0Gbps;0.5;2.0;0.5
	160.0Gbps;0.5;2.0;0.5
	320.0Gbps;0.5;2.0;0.5
24;1;1>9
	10.0Gbps;0.5;2.0;0.5
	20.0Gbps;0.5;2.0;0.5
	40.0Gbps;0.5;2.0;0.5
	80.0Gbps;0.5;2.0;0.5
	160.0Gbps;0.5;2.0;0.5
	320.0Gbps;0.5;2.0;0.5
24;1;1>10
	10.0Gbps;0.5;2.0;0.5
	20.0Gbps;0.5;2.0;0.5
	40.0Gbps;0.5;2.0;0.5
	80.0Gbps;0.5;2.0;0.5
	160.0Gbps;0.5;2.0;0.5
	320.0Gbps;0.5;2.0;0.5
24;1;1>11
	10.0Gbps;0.5;2.0;0.5
	20.0Gbps;0.5;2.0;0.5
	40.0Gbps;0.5;2.0;0.5
	80.0Gbps;0.5;2.0;0.5
	160.0Gbps;0.5;2.0;0.5
	320.0Gbps;0.5;2.0;0.5
24;1;1>12
	10.0Gbps;0.5;2.0;0.5
	20.0Gbps;0.5;2.0;0.5
	40.0Gbps;0.5;2.0;0.5
	80.0Gbps;0.5;2.0;0.5
	160.0Gbps;0.5;2.0;0.5
	320.0Gbps;0.5;2.0;0.5
24;1;1>13
	10.0Gbps;0.5;2.0;0.5
	20.0Gbps;0.5;2.0;0.5
	40.0Gbps;0.5;2.0;0.5
	80.0Gbps;0.5;2.0;0.5
	160.0Gbps;0.5;2.0;0.5
	320.0Gbps;0.5;2.0;0.5
24;1;1>14
	10.0Gbps;0.5;2.0;0.5
	20.0Gbps;0.5;2.0;0.5
	40.0Gbps;0.5;2.0;0.5
	80.0Gbps;0.5;2.0;0.5
	160.0Gbps;0.5;2.0;0.5
	320.0Gbps;0.5;2.0;0.5
24;1;1>15
	10.0Gbps;0.5;2.0;0.5
	20.0Gbps;0.5;2.0;0.5
	40.0Gbps;0.5;2.0;0.5
	80.0Gbps;0.5;2.0;0.5
	160.0Gbps;0.5;2.0;0.5
	320.0Gbps;0.5;2.0;0.5
24;1;1>16
	10.0Gbps;0.5;2.0;0.5
	20.0Gbps;0.5;2.0;0.5
	40.0Gbps;0.5;2.0;0.5
	80.0Gbps;0.5;2.0;0.5
	160.0Gbps;0.5;2.0;0.5
	320.0Gbps;0.5;2.0;0.5
24;1;1>17
	10.0Gbps;0.5;2.0;0.5
	20.0Gbps;0.5;2.0;0.5
	40.0Gbps;0.5;2.0;0.5
	80.0Gbps;0.5;2.0;0.5
	160.0Gbps;0.5;2.0;0.5
	320.0Gbps;0.5;2.0;0.5
24;1;1>18
	10.0Gbps;0.5;2.0;0.5
	20.0Gbps;0.5;2.0;0.5
	40.0Gbps;0.5;2.0;0.5
	80.0Gbps;0.5;2.0;0.5
	160.0Gbps;0.5;2.0;0.5
	320.0Gbps;0.5;2.0;0.5
24;1;1>19
	10.0Gbps;0.5;2.0;0.5
	20.0Gbps;0.5;2.0;0.5
	40.0Gbps;0.5;2.0;0.5
	80.0Gbps;0.5;2.0;0.5
	160.0Gbps;0.5;2.0;0.5
	320.0Gbps;0.5;2.0;0.5
24;1;1>20
	10.0Gbps;0.5;2.0;0.5
	20.0Gbps;0.5;2.0;0.5
	40.0Gbps;0.5;2.0;0.5
	80.0Gbps;0.5;2.0;0.5
	160.0Gbps;0.5;2.0;0.5
	320.0Gbps;0.5;2.0;0.5
24;1;1>21
	10.0Gbps;0.5;2.0;0.5
	20.0Gbps;0.5;2.0;0.5
	40.0Gbps;0.5;2.0;0.5
	80.0Gbps;0.5;2.0;0.5
	160.0Gbps;0.5;2.0;0.5
	320.0Gbps;0.5;2.0;0.5
24;1;1>22
	10.0Gbps;0.5;2.0;0.5
	20.0Gbps;0.5;2.0;0.5
	40.0Gbps;0.5;2.0;0.5
	80.0Gbps;0.5;2.0;0.5
	160.0Gbps;0.5;2.0;0.5
	320.0Gbps;0.5;2.0;0.5
24;1;1>23
	10.0Gbps;0.5;2.0;0.5
	20.0Gbps;0.5;2.0;0.5
	40.0Gbps;0.5;2.0;0.5
	80.0Gbps;0.5;2.0;0.5
	160.0Gbps;0.5;2.0;0.5
	320.0Gbps;0.5;2.0;0.5
