1->2
	10.0Gbps;10.0;10.0;10.0
	20.0Gbps;10.0;10.0;10.0
	40.0Gbps;10.0;10.0;10.0
	80.0Gbps;10.0;10.0;10.0
	160.0Gbps;10.0;10.0;10.0
	320.0Gbps;10.0;10.0;10.0
1->3
	10.0Gbps;10.0;10.0;10.0
	20.0Gbps;10.0;10.0;10.0
	40.0Gbps;10.0;10.0;10.0
	80.0Gbps;10.0;10.0;10.0
	160.0Gbps;10.0;10.0;10.0
	320.0Gbps;10.0;10.0;10.0
1->4
	10.0Gbps;10.0;10.0;10.0
	20.0Gbps;10.0;10.0;10.0
	40.0Gbps;10.0;10.0;10.0
	80.0Gbps;10.0;10.0;10.0
	160.0Gbps;10.0;10.0;10.0
	320.0Gbps;10.0;10.0;10.0
1->5
	10.0Gbps;10.0;10.0;10.0
	20.0Gbps;10.0;10.0;10.0
	40.0Gbps;10.0;10.0;10.0
	80.0Gbps;10.0;10.0;10.0
	160.0Gbps;10.0;10.0;10.0
	320.0Gbps;10.0;10.0;10.0
1->6
	10.0Gbps;10.0;10.0;10.0
	20.0Gbps;10.0;10.0;10.0
	40.0Gbps;10.0;10.0;10.0
	80.0Gbps;10.0;10.0;10.0
	160.0Gbps;10.0;10.0;10.0
	320.0Gbps;10.0;10.0;10.0
1->7
	10.0Gbps;10.0;10.0;10.0
	20.0Gbps;10.0;10.0;10.0
	40.0Gbps;10.0;10.0;10.0
	80.0Gbps;10.0;10.0;10.0
	160.0Gbps;10.0;10.0;10.0
	320.0Gbps;10.0;10.0;10.0
1->8
	10.0Gbps;10.0;10.0;10.0
	20.0Gbps;10.0;10.0;10.0
	40.0Gbps;10.0;10.0;10.0
	80.0Gbps;10.0;10.0;10.0
	160.0Gbps;10.0;10.0;10.0
	320.0Gbps;10.0;10.0;10.0
2->1
	10.0Gbps;10.0;10.0;10.0
	20.0Gbps;10.0;10.0;10.0
	40.0Gbps;10.0;10.0;10.0
	80.0Gbps;10.0;10.0;10.0
	160.0Gbps;10.0;10.0;10.0
	320.0Gbps;10.0;10.0;10.0
2->3
	10.0Gbps;10.0;10.0;10.0
	20.0Gbps;10.0;10.0;10.0
	40.0Gbps;10.0;10.0;10.0
	80.0Gbps;10.0;10.0;10.0
	160.0Gbps;10.0;10.0;10.0
	320.0Gbps;10.0;10.0;10.0
2->4
	10.0Gbps;10.0;10.0;10.0
	20.0Gbps;10.0;10.0;10.0
	40.0Gbps;10.0;10.0;10.0
	80.0Gbps;10.0;10.0;10.0
	160.0Gbps;10.0;10.0;10.0
	320.0Gbps;10.0;10.0;10.0
2->5
	10.0Gbps;10.0;10.0;10.0
	20.0Gbps;10.0;10.0;10.0
	40.0Gbps;10.0;10.0;10.0
	80.0Gbps;10.0;10.0;10.0
	160.0Gbps;10.0;10.0;10.0
	320.0Gbps;10.0;10.0;10.0
2->6
	10.0Gbps;10.0;10.0;10.0
	20.0Gbps;10.0;10.0;10.0
	40.0Gbps;10.0;10.0;10.0
	80.0Gbps;10.0;10.0;10.0
	160.0Gbps;10.0;10.0;10.0
	320.0Gbps;10.0;10.0;10.0
2->7
	10.0Gbps;10.0;10.0;10.0
	20.0Gbps;10.0;10.0;10.0
	40.0Gbps;10.0;10.0;10.0
	80.0Gbps;10.0;10.0;10.0
	160.0Gbps;10.0;10.0;10.0
	320.0Gbps;10.0;10.0;10.0
2->8
	10.0Gbps;10.0;10.0;10.0
	20.0Gbps;10.0;10.0;10.0
	40.0Gbps;10.0;10.0;10.0
	80.0Gbps;10.0;10.0;10.0
	160.0Gbps;10.0;10.0;10.0
	320.0Gbps;10.0;10.0;10.0
3->1
	10.0Gbps;10.0;10.0;10.0
	20.0Gbps;10.0;10.0;10.0
	40.0Gbps;10.0;10.0;10.0
	80.0Gbps;10.0;10.0;10.0
	160.0Gbps;10.0;10.0;10.0
	320.0Gbps;10.0;10.0;10.0
3->2
	10.0Gbps;10.0;10.0;10.0
	20.0Gbps;10.0;10.0;10.0
	40.0Gbps;10.0;10.0;10.0
	80.0Gbps;10.0;10.0;10.0
	160.0Gbps;10.0;10.0;10.0
	320.0Gbps;10.0;10.0;10.0
3->4
	10.0Gbps;10.0;10.0;10.0
	20.0Gbps;10.0;10.0;10.0
	40.0Gbps;10.0;10.0;10.0
	80.0Gbps;10.0;10.0;10.0
	160.0Gbps;10.0;10.0;10.0
	320.0Gbps;10.0;10.0;10.0
3->5
	10.0Gbps;10.0;10.0;10.0
	20.0Gbps;10.0;10.0;10.0
	40.0Gbps;10.0;10.0;10.0
	80.0Gbps;10.0;10.0;10.0
	160.0Gbps;10.0;10.0;10.0
	320.0Gbps;10.0;10.0;10.0
3->6
	10.0Gbps;10.0;10.0;10.0
	20.0Gbps;10.0;10.0;10.0
	40.0Gbps;10.0;10.0;10.0
	80.0Gbps;10.0;10.0;10.0
	160.0Gbps;10.0;10.0;10.0
	320.0Gbps;10.0;10.0;10.0
3->7
	10.0Gbps;10.0;10.0;10.0
	20.0Gbps;10.0;10.0;10.0
	40.0Gbps;10.0;10.0;10.0
	80.0Gbps;10.0;10.0;10.0
	160.0Gbps;10.0;10.0;10.0
	320.0Gbps;10.0;10.0;10.0
3->8
	10.0Gbps;10.0;10.0;10.0
	20.0Gbps;10.0;10.0;10.0
	40.0Gbps;10.0;10.0;10.0
	80.0Gbps;10.0;10.0;10.0
	160.0Gbps;10.0;10.0;10.0
	320.0Gbps;10.0;10.0;10.0
4->1
	10.0Gbps;10.0;10.0;10.0
	20.0Gbps;10.0;10.0;10.0
	40.0Gbps;10.0;10.0;10.0
	80.0Gbps;10.0;10.0;10.0
	160.0Gbps;10.0;10.0;10.0
	320.0Gbps;10.0;10.0;10.0
4->2
	10.0Gbps;10.0;10.0;10.0
	20.0Gbps;10.0;10.0;10.0
	40.0Gbps;10.0;10.0;10.0
	80.0Gbps;10.0;10.0;10.0
	160.0Gbps;10.0;10.0;10.0
	320.0Gbps;10.0;10.0;10.0
4->3
	10.0Gbps;10.0;10.0;10.0
	20.0Gbps;10.0;10.0;10.0
	40.0Gbps;10.0;10.0;10.0
	80.0Gbps;10.0;10.0;10.0
	160.0Gbps;10.0;10.0;10.0
	320.0Gbps;10.0;10.0;10.0
4->5
	10.0Gbps;10.0;10.0;10.0
	20.0Gbps;10.0;10.0;10.0
	40.0Gbps;10.0;10.0;10.0
	80.0Gbps;10.0;10.0;10.0
	160.0Gbps;10.0;10.0;10.0
	320.0Gbps;10.0;10.0;10.0
4->6
	10.0Gbps;10.0;10.0;10.0
	20.0Gbps;10.0;10.0;10.0
	40.0Gbps;10.0;10.0;10.0
	80.0Gbps;10.0;10.0;10.0
	160.0Gbps;10.0;10.0;10.0
	320.0Gbps;10.0;10.0;10.0
4->7
	10.0Gbps;10.0;10.0;10.0
	20.0Gbps;10.0;10.0;10.0
	40.0Gbps;10.0;10.0;10.0
	80.0Gbps;10.0;10.0;10.0
	160.0Gbps;10.0;10.0;10.0
	320.0Gbps;10.0;10.0;10.0
4->8
	10.0Gbps;10.0;10.0;10.0
	20.0Gbps;10.0;10.0;10.0
	40.0Gbps;10.0;10.0;10.0
	80.0Gbps;10.0;10.0;10.0
	160.0Gbps;10.0;10.0;10.0
	320.0Gbps;10.0;10.0;10.0
5->1
	10.0Gbps;10.0;10.0;10.0
	20.0Gbps;10.0;10.0;10.0
	40.0Gbps;10.0;10.0;10.0
	80.0Gbps;10.0;10.0;10.0
	160.0Gbps;10.0;10.0;10.0
	320.0Gbps;10.0;10.0;10.0
5->2
	10.0Gbps;10.0;10.0;10.0
	20.0Gbps;10.0;10.0;10.0
	40.0Gbps;10.0;10.0;10.0
	80.0Gbps;10.0;10.0;10.0
	160.0Gbps;10.0;10.0;10.0
	320.0Gbps;10.0;10.0;10.0
5->3
	10.0Gbps;10.0;10.0;10.0
	20.0Gbps;10.0;10.0;10.0
	40.0Gbps;10.0;10.0;10.0
	80.0Gbps;10.0;10.0;10.0
	160.0Gbps;10.0;10.0;10.0
	320.0Gbps;10.0;10.0;10.0
5->4
	10.0Gbps;10.0;10.0;10.0
	20.0Gbps;10.0;10.0;10.0
	40.0Gbps;10.0;10.0;10.0
	80.0Gbps;10.0;10.0;10.0
	160.0Gbps;10.0;10.0;10.0
	320.0Gbps;10.0;10.0;10.0
5->6
	10.0Gbps;10.0;10.0;10.0
	20.0Gbps;10.0;10.0;10.0
	40.0Gbps;10.0;10.0;10.0
	80.0Gbps;10.0;10.0;10.0
	160.0Gbps;10.0;10.0;10.0
	320.0Gbps;10.0;10.0;10.0
5->7
	10.0Gbps;10.0;10.0;10.0
	20.0Gbps;10.0;10.0;10.0
	40.0Gbps;10.0;10.0;10.0
	80.0Gbps;10.0;10.0;10.0
	160.0Gbps;10.0;10.0;10.0
	320.0Gbps;10.0;10.0;10.0
5->8
	10.0Gbps;10.0;10.0;10.0
	20.0Gbps;10.0;10.0;10.0
	40.0Gbps;10.0;10.0;10.0
	80.0Gbps;10.0;10.0;10.0
	160.0Gbps;10.0;10.0;10.0
	320.0Gbps;10.0;10.0;10.0
6->1
	10.0Gbps;10.0;10.0;10.0
	20.0Gbps;10.0;10.0;10.0
	40.0Gbps;10.0;10.0;10.0
	80.0Gbps;10.0;10.0;10.0
	160.0Gbps;10.0;10.0;10.0
	320.0Gbps;10.0;10.0;10.0
6->2
	10.0Gbps;10.0;10.0;10.0
	20.0Gbps;10.0;10.0;10.0
	40.0Gbps;10.0;10.0;10.0
	80.0Gbps;10.0;10.0;10.0
	160.0Gbps;10.0;10.0;10.0
	320.0Gbps;10.0;10.0;10.0
6->3
	10.0Gbps;10.0;10.0;10.0
	20.0Gbps;10.0;10.0;10.0
	40.0Gbps;10.0;10.0;10.0
	80.0Gbps;10.0;10.0;10.0
	160.0Gbps;10.0;10.0;10.0
	320.0Gbps;10.0;10.0;10.0
6->4
	10.0Gbps;10.0;10.0;10.0
	20.0Gbps;10.0;10.0;10.0
	40.0Gbps;10.0;10.0;10.0
	80.0Gbps;10.0;10.0;10.0
	160.0Gbps;10.0;10.0;10.0
	320.0Gbps;10.0;10.0;10.0
6->5
	10.0Gbps;10.0;10.0;10.0
	20.0Gbps;10.0;10.0;10.0
	40.0Gbps;10.0;10.0;10.0
	80.0Gbps;10.0;10.0;10.0
	160.0Gbps;10.0;10.0;10.0
	320.0Gbps;10.0;10.0;10.0
6->7
	10.0Gbps;10.0;10.0;10.0
	20.0Gbps;10.0;10.0;10.0
	40.0Gbps;10.0;10.0;10.0
	80.0Gbps;10.0;10.0;10.0
	160.0Gbps;10.0;10.0;10.0
	320.0Gbps;10.0;10.0;10.0
6->8
	10.0Gbps;10.0;10.0;10.0
	20.0Gbps;10.0;10.0;10.0
	40.0Gbps;10.0;10.0;10.0
	80.0Gbps;10.0;10.0;10.0
	160.0Gbps;10.0;10.0;10.0
	320.0Gbps;10.0;10.0;10.0
7->1
	10.0Gbps;10.0;10.0;10.0
	20.0Gbps;10.0;10.0;10.0
	40.0Gbps;10.0;10.0;10.0
	80.0Gbps;10.0;10.0;10.0
	160.0Gbps;10.0;10.0;10.0
	320.0Gbps;10.0;10.0;10.0
7->2
	10.0Gbps;10.0;10.0;10.0
	20.0Gbps;10.0;10.0;10.0
	40.0Gbps;10.0;10.0;10.0
	80.0Gbps;10.0;10.0;10.0
	160.0Gbps;10.0;10.0;10.0
	320.0Gbps;10.0;10.0;10.0
7->3
	10.0Gbps;10.0;10.0;10.0
	20.0Gbps;10.0;10.0;10.0
	40.0Gbps;10.0;10.0;10.0
	80.0Gbps;10.0;10.0;10.0
	160.0Gbps;10.0;10.0;10.0
	320.0Gbps;10.0;10.0;10.0
7->4
	10.0Gbps;10.0;10.0;10.0
	20.0Gbps;10.0;10.0;10.0
	40.0Gbps;10.0;10.0;10.0
	80.0Gbps;10.0;10.0;10.0
	160.0Gbps;10.0;10.0;10.0
	320.0Gbps;10.0;10.0;10.0
7->5
	10.0Gbps;10.0;10.0;10.0
	20.0Gbps;10.0;10.0;10.0
	40.0Gbps;10.0;10.0;10.0
	80.0Gbps;10.0;10.0;10.0
	160.0Gbps;10.0;10.0;10.0
	320.0Gbps;10.0;10.0;10.0
7->6
	10.0Gbps;10.0;10.0;10.0
	20.0Gbps;10.0;10.0;10.0
	40.0Gbps;10.0;10.0;10.0
	80.0Gbps;10.0;10.0;10.0
	160.0Gbps;10.0;10.0;10.0
	320.0Gbps;10.0;10.0;10.0
7->8
	10.0Gbps;10.0;10.0;10.0
	20.0Gbps;10.0;10.0;10.0
	40.0Gbps;10.0;10.0;10.0
	80.0Gbps;10.0;10.0;10.0
	160.0Gbps;10.0;10.0;10.0
	320.0Gbps;10.0;10.0;10.0
8->1
	10.0Gbps;10.0;10.0;10.0
	20.0Gbps;10.0;10.0;10.0
	40.0Gbps;10.0;10.0;10.0
	80.0Gbps;10.0;10.0;10.0
	160.0Gbps;10.0;10.0;10.0
	320.0Gbps;10.0;10.0;10.0
8->2
	10.0Gbps;10.0;10.0;10.0
	20.0Gbps;10.0;10.0;10.0
	40.0Gbps;10.0;10.0;10.0
	80.0Gbps;10.0;10.0;10.0
	160.0Gbps;10.0;10.0;10.0
	320.0Gbps;10.0;10.0;10.0
8->3
	10.0Gbps;10.0;10.0;10.0
	20.0Gbps;10.0;10.0;10.0
	40.0Gbps;10.0;10.0;10.0
	80.0Gbps;10.0;10.0;10.0
	160.0Gbps;10.0;10.0;10.0
	320.0Gbps;10.0;10.0;10.0
8->4
	10.0Gbps;10.0;10.0;10.0
	20.0Gbps;10.0;10.0;10.0
	40.0Gbps;10.0;10.0;10.0
	80.0Gbps;10.0;10.0;10.0
	160.0Gbps;10.0;10.0;10.0
	320.0Gbps;10.0;10.0;10.0
8->5
	10.0Gbps;10.0;10.0;10.0
	20.0Gbps;10.0;10.0;10.0
	40.0Gbps;10.0;10.0;10.0
	80.0Gbps;10.0;10.0;10.0
	160.0Gbps;10.0;10.0;10.0
	320.0Gbps;10.0;10.0;10.0
8->6
	10.0Gbps;10.0;10.0;10.0
	20.0Gbps;10.0;10.0;10.0
	40.0Gbps;10.0;10.0;10.0
	80.0Gbps;10.0;10.0;10.0
	160.0Gbps;10.0;10.0;10.0
	320.0Gbps;10.0;10.0;10.0
8->7
	10.0Gbps;10.0;10.0;10.0
	20.0Gbps;10.0;10.0;10.0
	40.0Gbps;10.0;10.0;10.0
	80.0Gbps;10.0;10.0;10.0
	160.0Gbps;10.0;10.0;10.0
	320.0Gbps;10.0;10.0;10.0
