node:
1
2
3
4
5
6
7
8
9
10
11
12
13
14
links:
1;2;1.0;380;12500000000.0;1124
1;3;1.0;380;12500000000.0;1124
1;6;1.0;380;12500000000.0;1124
2;1;1.0;380;12500000000.0;1124
2;3;1.0;380;12500000000.0;1124
2;4;1.0;380;12500000000.0;1124
3;1;1.0;380;12500000000.0;1124
3;2;1.0;380;12500000000.0;1124
3;9;1.0;380;12500000000.0;1124
4;2;1.0;380;12500000000.0;1124
4;5;1.0;380;12500000000.0;1124
4;7;1.0;380;12500000000.0;1124
4;14;1.0;380;12500000000.0;1124
5;4;1.0;380;12500000000.0;1124
5;10;1.0;380;12500000000.0;1124
6;1;1.0;380;12500000000.0;1124
6;7;1.0;380;12500000000.0;1124
6;11;1.0;380;12500000000.0;1124
7;4;1.0;380;12500000000.0;1124
7;6;1.0;380;12500000000.0;1124
7;8;1.0;380;12500000000.0;1124
8;7;1.0;380;12500000000.0;1124
8;9;1.0;380;12500000000.0;1124
9;3;1.0;380;12500000000.0;1124
9;8;1.0;380;12500000000.0;1124
9;10;1.0;380;12500000000.0;1124
10;5;1.0;380;12500000000.0;1124
10;9;1.0;380;12500000000.0;1124
10;12;1.0;380;12500000000.0;1124
10;13;1.0;380;12500000000.0;1124
11;6;1.0;380;12500000000.0;1124
11;12;1.0;380;12500000000.0;1124
11;13;1.0;380;12500000000.0;1124
12;10;1.0;380;12500000000.0;1124
12;11;1.0;380;12500000000.0;1124
12;14;1.0;380;12500000000.0;1124
13;10;1.0;380;12500000000.0;1124
13;11;1.0;380;12500000000.0;1124
14;4;1.0;380;12500000000.0;1124
14;12;1.0;380;12500000000.0;1124
