node:
1
2
3
4
5
6
7
8
9
10
11
12
13
14
15
16
17
18
19
20
21
22
23
24
links:
1;2;1.0;400;12500000000.0;334
1;6;1.0;400;12500000000.0;479
2;1;1.0;400;12500000000.0;334
2;3;1.0;400;12500000000.0;355
2;6;1.0;400;12500000000.0;522
3;2;1.0;400;12500000000.0;355
3;4;1.0;400;12500000000.0;302
3;5;1.0;400;12500000000.0;468
3;7;1.0;400;12500000000.0;502
4;3;1.0;400;12500000000.0;302
4;5;1.0;400;12500000000.0;245
4;7;1.0;400;12500000000.0;424
5;3;1.0;400;12500000000.0;468
5;4;1.0;400;12500000000.0;245
5;8;1.0;400;12500000000.0;583
6;1;1.0;400;12500000000.0;479
6;2;1.0;400;12500000000.0;522
6;7;1.0;400;12500000000.0;403
6;9;1.0;400;12500000000.0;534
6;11;1.0;400;12500000000.0;662
7;3;1.0;400;12500000000.0;502
7;4;1.0;400;12500000000.0;424
7;6;1.0;400;12500000000.0;403
7;8;1.0;400;12500000000.0;469
7;9;1.0;400;12500000000.0;419
8;5;1.0;400;12500000000.0;583
8;7;1.0;400;12500000000.0;469
8;10;1.0;400;12500000000.0;339
9;6;1.0;400;12500000000.0;534
9;7;1.0;400;12500000000.0;419
9;10;1.0;400;12500000000.0;419
9;11;1.0;400;12500000000.0;513
9;12;1.0;400;12500000000.0;330
10;8;1.0;400;12500000000.0;339
10;9;1.0;400;12500000000.0;419
10;13;1.0;400;12500000000.0;346
10;14;1.0;400;12500000000.0;296
11;6;1.0;400;12500000000.0;662
11;9;1.0;400;12500000000.0;513
11;12;1.0;400;12500000000.0;369
11;15;1.0;400;12500000000.0;422
11;19;1.0;400;12500000000.0;900
12;9;1.0;400;12500000000.0;330
12;11;1.0;400;12500000000.0;369
12;13;1.0;400;12500000000.0;401
12;16;1.0;400;12500000000.0;365
13;10;1.0;400;12500000000.0;346
13;12;1.0;400;12500000000.0;401
13;14;1.0;400;12500000000.0;232
13;17;1.0;400;12500000000.0;383
14;10;1.0;400;12500000000.0;296
14;13;1.0;400;12500000000.0;232
14;18;1.0;400;12500000000.0;412
15;11;1.0;400;12500000000.0;422
15;16;1.0;400;12500000000.0;309
15;20;1.0;400;12500000000.0;393
16;12;1.0;400;12500000000.0;365
16;15;1.0;400;12500000000.0;309
16;17;1.0;400;12500000000.0;405
16;21;1.0;400;12500000000.0;401
16;22;1.0;400;12500000000.0;360
17;13;1.0;400;12500000000.0;383
17;16;1.0;400;12500000000.0;405
17;18;1.0;400;12500000000.0;244
17;22;1.0;400;12500000000.0;298
17;23;1.0;400;12500000000.0;420
18;14;1.0;400;12500000000.0;412
18;17;1.0;400;12500000000.0;244
18;24;1.0;400;12500000000.0;315
19;11;1.0;400;12500000000.0;900
19;20;1.0;400;12500000000.0;282
20;15;1.0;400;12500000000.0;393
20;19;1.0;400;12500000000.0;282
20;21;1.0;400;12500000000.0;290
21;16;1.0;400;12500000000.0;401
21;20;1.0;400;12500000000.0;290
21;22;1.0;400;12500000000.0;265
22;16;1.0;400;12500000000.0;360
22;17;1.0;400;12500000000.0;298
22;21;1.0;400;12500000000.0;265
22;23;1.0;400;12500000000.0;265
23;17;1.0;400;12500000000.0;420
23;22;1.0;400;12500000000.0;265
23;24;1.0;400;12500000000.0;275
24;23;1.0;400;12500000000.0;275
24;18;1.0;400;12500000000.0;315
