1->2
	10.0Gbps;20.0;10.0;20.0
	20.0Gbps;20.0;10.0;20.0
	40.0Gbps;20.0;10.0;20.0
	80.0Gbps;20.0;10.0;20.0
	160.0Gbps;20.0;10.0;20.0
	320.0Gbps;20.0;10.0;20.0
1->3
	10.0Gbps;20.0;10.0;20.0
	20.0Gbps;20.0;10.0;20.0
	40.0Gbps;20.0;10.0;20.0
	80.0Gbps;20.0;10.0;20.0
	160.0Gbps;20.0;10.0;20.0
	320.0Gbps;20.0;10.0;20.0
1->4
	10.0Gbps;20.0;10.0;20.0
	20.0Gbps;20.0;10.0;20.0
	40.0Gbps;20.0;10.0;20.0
	80.0Gbps;20.0;10.0;20.0
	160.0Gbps;20.0;10.0;20.0
	320.0Gbps;20.0;10.0;20.0
1->5
	10.0Gbps;20.0;10.0;20.0
	20.0Gbps;20.0;10.0;20.0
	40.0Gbps;20.0;10.0;20.0
	80.0Gbps;20.0;10.0;20.0
	160.0Gbps;20.0;10.0;20.0
	320.0Gbps;20.0;10.0;20.0
1->6
	10.0Gbps;20.0;10.0;20.0
	20.0Gbps;20.0;10.0;20.0
	40.0Gbps;20.0;10.0;20.0
	80.0Gbps;20.0;10.0;20.0
	160.0Gbps;20.0;10.0;20.0
	320.0Gbps;20.0;10.0;20.0
2->1
	10.0Gbps;20.0;10.0;20.0
	20.0Gbps;20.0;10.0;20.0
	40.0Gbps;20.0;10.0;20.0
	80.0Gbps;20.0;10.0;20.0
	160.0Gbps;20.0;10.0;20.0
	320.0Gbps;20.0;10.0;20.0
2->3
	10.0Gbps;20.0;10.0;20.0
	20.0Gbps;20.0;10.0;20.0
	40.0Gbps;20.0;10.0;20.0
	80.0Gbps;20.0;10.0;20.0
	160.0Gbps;20.0;10.0;20.0
	320.0Gbps;20.0;10.0;20.0
2->4
	10.0Gbps;20.0;10.0;20.0
	20.0Gbps;20.0;10.0;20.0
	40.0Gbps;20.0;10.0;20.0
	80.0Gbps;20.0;10.0;20.0
	160.0Gbps;20.0;10.0;20.0
	320.0Gbps;20.0;10.0;20.0
2->5
	10.0Gbps;20.0;10.0;20.0
	20.0Gbps;20.0;10.0;20.0
	40.0Gbps;20.0;10.0;20.0
	80.0Gbps;20.0;10.0;20.0
	160.0Gbps;20.0;10.0;20.0
	320.0Gbps;20.0;10.0;20.0
2->6
	10.0Gbps;20.0;10.0;20.0
	20.0Gbps;20.0;10.0;20.0
	40.0Gbps;20.0;10.0;20.0
	80.0Gbps;20.0;10.0;20.0
	160.0Gbps;20.0;10.0;20.0
	320.0Gbps;20.0;10.0;20.0
3->1
	10.0Gbps;20.0;10.0;20.0
	20.0Gbps;20.0;10.0;20.0
	40.0Gbps;20.0;10.0;20.0
	80.0Gbps;20.0;10.0;20.0
	160.0Gbps;20.0;10.0;20.0
	320.0Gbps;20.0;10.0;20.0
3->2
	10.0Gbps;20.0;10.0;20.0
	20.0Gbps;20.0;10.0;20.0
	40.0Gbps;20.0;10.0;20.0
	80.0Gbps;20.0;10.0;20.0
	160.0Gbps;20.0;10.0;20.0
	320.0Gbps;20.0;10.0;20.0
3->4
	10.0Gbps;20.0;10.0;20.0
	20.0Gbps;20.0;10.0;20.0
	40.0Gbps;20.0;10.0;20.0
	80.0Gbps;20.0;10.0;20.0
	160.0Gbps;20.0;10.0;20.0
	320.0Gbps;20.0;10.0;20.0
3->5
	10.0Gbps;20.0;10.0;20.0
	20.0Gbps;20.0;10.0;20.0
	40.0Gbps;20.0;10.0;20.0
	80.0Gbps;20.0;10.0;20.0
	160.0Gbps;20.0;10.0;20.0
	320.0Gbps;20.0;10.0;20.0
3->6
	10.0Gbps;20.0;10.0;20.0
	20.0Gbps;20.0;10.0;20.0
	40.0Gbps;20.0;10.0;20.0
	80.0Gbps;20.0;10.0;20.0
	160.0Gbps;20.0;10.0;20.0
	320.0Gbps;20.0;10.0;20.0
4->1
	10.0Gbps;20.0;10.0;20.0
	20.0Gbps;20.0;10.0;20.0
	40.0Gbps;20.0;10.0;20.0
	80.0Gbps;20.0;10.0;20.0
	160.0Gbps;20.0;10.0;20.0
	320.0Gbps;20.0;10.0;20.0
4->2
	10.0Gbps;20.0;10.0;20.0
	20.0Gbps;20.0;10.0;20.0
	40.0Gbps;20.0;10.0;20.0
	80.0Gbps;20.0;10.0;20.0
	160.0Gbps;20.0;10.0;20.0
	320.0Gbps;20.0;10.0;20.0
4->3
	10.0Gbps;20.0;10.0;20.0
	20.0Gbps;20.0;10.0;20.0
	40.0Gbps;20.0;10.0;20.0
	80.0Gbps;20.0;10.0;20.0
	160.0Gbps;20.0;10.0;20.0
	320.0Gbps;20.0;10.0;20.0
4->5
	10.0Gbps;20.0;10.0;20.0
	20.0Gbps;20.0;10.0;20.0
	40.0Gbps;20.0;10.0;20.0
	80.0Gbps;20.0;10.0;20.0
	160.0Gbps;20.0;10.0;20.0
	320.0Gbps;20.0;10.0;20.0
4->6
	10.0Gbps;20.0;10.0;20.0
	20.0Gbps;20.0;10.0;20.0
	40.0Gbps;20.0;10.0;20.0
	80.0Gbps;20.0;10.0;20.0
	160.0Gbps;20.0;10.0;20.0
	320.0Gbps;20.0;10.0;20.0
5->1
	10.0Gbps;20.0;10.0;20.0
	20.0Gbps;20.0;10.0;20.0
	40.0Gbps;20.0;10.0;20.0
	80.0Gbps;20.0;10.0;20.0
	160.0Gbps;20.0;10.0;20.0
	320.0Gbps;20.0;10.0;20.0
5->2
	10.0Gbps;20.0;10.0;20.0
	20.0Gbps;20.0;10.0;20.0
	40.0Gbps;20.0;10.0;20.0
	80.0Gbps;20.0;10.0;20.0
	160.0Gbps;20.0;10.0;20.0
	320.0Gbps;20.0;10.0;20.0
5->3
	10.0Gbps;20.0;10.0;20.0
	20.0Gbps;20.0;10.0;20.0
	40.0Gbps;20.0;10.0;20.0
	80.0Gbps;20.0;10.0;20.0
	160.0Gbps;20.0;10.0;20.0
	320.0Gbps;20.0;10.0;20.0
5->4
	10.0Gbps;20.0;10.0;20.0
	20.0Gbps;20.0;10.0;20.0
	40.0Gbps;20.0;10.0;20.0
	80.0Gbps;20.0;10.0;20.0
	160.0Gbps;20.0;10.0;20.0
	320.0Gbps;20.0;10.0;20.0
5->6
	10.0Gbps;20.0;10.0;20.0
	20.0Gbps;20.0;10.0;20.0
	40.0Gbps;20.0;10.0;20.0
	80.0Gbps;20.0;10.0;20.0
	160.0Gbps;20.0;10.0;20.0
	320.0Gbps;20.0;10.0;20.0
6->1
	10.0Gbps;20.0;10.0;20.0
	20.0Gbps;20.0;10.0;20.0
	40.0Gbps;20.0;10.0;20.0
	80.0Gbps;20.0;10.0;20.0
	160.0Gbps;20.0;10.0;20.0
	320.0Gbps;20.0;10.0;20.0
6->2
	10.0Gbps;20.0;10.0;20.0
	20.0Gbps;20.0;10.0;20.0
	40.0Gbps;20.0;10.0;20.0
	80.0Gbps;20.0;10.0;20.0
	160.0Gbps;20.0;10.0;20.0
	320.0Gbps;20.0;10.0;20.0
6->3
	10.0Gbps;20.0;10.0;20.0
	20.0Gbps;20.0;10.0;20.0
	40.0Gbps;20.0;10.0;20.0
	80.0Gbps;20.0;10.0;20.0
	160.0Gbps;20.0;10.0;20.0
	320.0Gbps;20.0;10.0;20.0
6->4
	10.0Gbps;20.0;10.0;20.0
	20.0Gbps;20.0;10.0;20.0
	40.0Gbps;20.0;10.0;20.0
	80.0Gbps;20.0;10.0;20.0
	160.0Gbps;20.0;10.0;20.0
	320.0Gbps;20.0;10.0;20.0
6->5
	10.0Gbps;20.0;10.0;20.0
	20.0Gbps;20.0;10.0;20.0
	40.0Gbps;20.0;10.0;20.0
	80.0Gbps;20.0;10.0;20.0
	160.0Gbps;20.0;10.0;20.0
	320.0Gbps;20.0;10.0;20.0
