node:
1
2
3
4
5
6
7
8
links:
1;2;1.0;400;12500000000.0;1500
2;1;1.0;400;12500000000.0;1500
2;3;1.0;400;12500000000.0;1500
3;2;1.0;400;12500000000.0;1500
3;4;1.0;400;12500000000.0;1500
4;3;1.0;400;12500000000.0;1500
4;5;1.0;400;12500000000.0;1500
5;4;1.0;400;12500000000.0;1500
5;6;1.0;400;12500000000.0;1500
6;5;1.0;400;12500000000.0;1500
6;7;1.0;400;12500000000.0;1500
7;6;1.0;400;12500000000.0;1500
7;8;1.0;400;12500000000.0;1500
8;7;1.0;400;12500000000.0;1500
8;1;1.0;400;12500000000.0;1500
1;8;1.0;400;12500000000.0;1500
